i_doc,doc,Topic 1,Topic 2,Topic 3,Topic 4
0,doctorwho,0.2912973408541499,0.24174053182917002,0.4536663980660757,0.01329572925060435
1,thesimpsons,0.2874031797798614,0.25112107623318386,0.45128414186710153,0.010191602119853241
2,mylittleponyfriendshipismagic,0.2706732941708089,0.25576140985088114,0.45820153637596023,0.015363759602349751
3,buffythevampireslayer,0.2735943775100402,0.2615461847389558,0.4528112449799197,0.012048192771084338
4,futurama,0.2754641244355243,0.26091319618665326,0.4515805318615153,0.012042147516307075
5,familyguy,0.2708333333333333,0.29385964912280704,0.4232456140350877,0.01206140350877193
6,naruto,0.27485380116959063,0.2415204678362573,0.45380116959064326,0.02982456140350877
7,avatarthelastairbender,0.25632183908045975,0.2620689655172414,0.4632183908045977,0.01839080459770115
8,startrekthenextgeneration,0.2645198389879241,0.273720529039678,0.45313398504887864,0.008625646923519264
9,supernatural,0.26556016597510373,0.27385892116182575,0.4475400118553646,0.013040901007705987
10,southpark,0.25982905982905985,0.2849002849002849,0.445014245014245,0.010256410256410256
11,gameofthrones,0.2543352601156069,0.2825947334617855,0.4515093127809891,0.011560693641618497
12,bleach,0.2612732095490716,0.2486737400530504,0.4608753315649867,0.029177718832891247
13,startrekdeepspacenine,0.27009646302250806,0.26881028938906754,0.45401929260450163,0.00707395498392283
14,fullmetalalchemist,0.26450742240215924,0.25708502024291496,0.45479082321187586,0.023616734143049933
15,startrekvoyager,0.264426125554851,0.284717818642993,0.44324667089410275,0.007609384908053266
16,startrektheoriginalseries,0.24205061648280338,0.28163530175210905,0.46658014276443865,0.00973393900064893
17,stevenuniverse,0.26658163265306123,0.2627551020408163,0.45153061224489793,0.01913265306122449
18,angel,0.26283367556468173,0.2758384668035592,0.4483230663928816,0.013004791238877482
19,stargatesg1,0.266384778012685,0.25017618040873857,0.4785059901338971,0.004933051444679351
20,babylonfive,0.2696793002915452,0.260932944606414,0.45918367346938777,0.01020408163265306
21,neongenesisevangelion,0.26559060895084374,0.27953044754218637,0.43506969919295674,0.019809244314013204
22,deathnote,0.23671875,0.30703125,0.44140625,0.01484375
23,dragonballz,0.26264150943396225,0.24301886792452831,0.470188679245283,0.024150943396226414
24,phineasandferb,0.2177713037144938,0.3197378004369993,0.4471959213401311,0.01529497450837582
25,codegeass,0.2614785992217899,0.2723735408560311,0.4443579766536965,0.02178988326848249
26,firefly,0.24012158054711247,0.2986322188449848,0.45364741641337386,0.007598784194528876
27,sailormoon,0.2543527630582892,0.2785768357305072,0.4420893262679788,0.02498107494322483
28,teentitans,0.2383177570093458,0.2866043613707165,0.4602803738317757,0.014797507788161994
29,batmantheanimatedseries,0.2199528672427337,0.30479183032207385,0.46504320502749413,0.01021209740769835
30,negimamagisternegimagi,0.3027375201288245,0.23107890499194847,0.43800322061191627,0.02818035426731079
31,thelegendofkorra,0.2652388797364086,0.24629324546952225,0.47364085667215816,0.014827018121911038
32,mysterysciencetheater3000,0.22401847575057737,0.3279445727482679,0.43956889915319475,0.008468052347959968
33,yugioh,0.25222312045270817,0.28213419563459985,0.44381568310428454,0.021827000808407437
34,adventuretime,0.26121794871794873,0.27724358974358976,0.4479166666666667,0.013621794871794872
35,battlestargalactica2003,0.25459098497495825,0.2888146911519199,0.44991652754590983,0.00667779632721202
36,gravityfalls,0.21546052631578946,0.31743421052631576,0.453125,0.013980263157894737
37,saturdaynightlive,0.23979591836734693,0.3333333333333333,0.4175170068027211,0.00935374149659864
38,ncis,0.2446351931330472,0.3484978540772532,0.4034334763948498,0.0034334763948497852
39,thexfiles,0.2646331409727947,0.2967848309975268,0.43033800494641383,0.008244023083264633
40,howimetyourmother,0.23529411764705882,0.38140417457305503,0.3738140417457306,0.009487666034155597
41,friends,0.23512195121951218,0.37853658536585366,0.37853658536585366,0.007804878048780488
42,ranmaonehalf,0.2517543859649123,0.2982456140350877,0.4236842105263158,0.02631578947368421
43,kingofthehill,0.2247585601404741,0.36435469710272167,0.4047410008779631,0.006145741878841089
44,kimpossible,0.2687188019966722,0.2853577371048253,0.43594009983361065,0.009983361064891847
45,justiceleague,0.25021570319240727,0.274374460742019,0.46505608283002586,0.010353753235547885
46,scrubs,0.21585482330468003,0.3667621776504298,0.4049665711556829,0.012416427889207259
47,reddwarf,0.2374784110535406,0.2910189982728843,0.46286701208981,0.008635578583765112
48,community,0.2163375224416517,0.37163375224416517,0.40484739676840215,0.00718132854578097
49,fairytail,0.2768670309653916,0.24408014571949,0.44808743169398907,0.030965391621129327
50,thefairlyoddparents,0.23108552631578946,0.2911184210526316,0.4629934210526316,0.014802631578947368
51,gargoyles,0.25678119349005424,0.2793851717902351,0.45569620253164556,0.0081374321880651
52,americandad,0.2592274678111588,0.3150214592274678,0.41974248927038627,0.006008583690987125
53,theventurebrothers,0.23618538324420676,0.3146167557932264,0.44385026737967914,0.0053475935828877
54,smallville,0.2594644506001847,0.2945521698984303,0.43490304709141275,0.0110803324099723
55,tengentoppagurrenlagann,0.2696737044145873,0.2562380038387716,0.44241842610364684,0.03166986564299424
56,lost,0.22013170272812793,0.3217309501411101,0.4524929444967074,0.005644402634054563
57,charmed1998,0.25951219512195123,0.29365853658536584,0.43609756097560975,0.010731707317073172
58,thepowerpuffgirls,0.21783088235294118,0.30330882352941174,0.4632352941176471,0.015625
59,criminalminds,0.24850299401197604,0.3313373253493014,0.41417165668662675,0.005988023952095809
60,thebigbangtheory,0.2528032619775739,0.35881753312945974,0.381243628950051,0.007135575942915392
61,bones,0.23874755381604695,0.3512720156555773,0.4050880626223092,0.004892367906066536
62,dannyphantom,0.23300970873786409,0.30194174757281556,0.44854368932038835,0.01650485436893204
63,house,0.21586345381526104,0.3714859437751004,0.40763052208835343,0.0050200803212851405
64,rugrats,0.19477911646586346,0.3704819277108434,0.42369477911646586,0.01104417670682731
65,berserk,0.2907801418439716,0.2127659574468085,0.47112462006079026,0.025329280648429583
66,stargateatlantis,0.23383084577114427,0.28258706467661693,0.4736318407960199,0.009950248756218905
67,souleater,0.25823045267489714,0.2623456790123457,0.448559670781893,0.030864197530864196
68,animaniacs,0.20655412115193644,0.34657398212512414,0.42800397219463754,0.018867924528301886
69,csi,0.24120603015075376,0.3437185929648241,0.41105527638190953,0.004020100502512563
70,totaldrama,0.21248741188318226,0.33131923464249746,0.44410876132930516,0.012084592145015106
71,rickandmorty,0.24448705656759348,0.3087248322147651,0.44007670182166825,0.006711409395973154
72,heroes,0.24248496993987975,0.2775551102204409,0.46693386773547096,0.013026052104208416
73,farscape,0.2704031465093412,0.2536873156342183,0.46804326450344147,0.007866273352999017
74,transformersanimated,0.21443298969072164,0.28969072164948456,0.48350515463917526,0.012371134020618556
75,dragonball,0.2650485436893204,0.23980582524271846,0.46601941747572817,0.02912621359223301
76,glee,0.22014051522248243,0.3793911007025761,0.3946135831381733,0.00585480093676815
77,codenamekidsnextdoor,0.18873517786561264,0.3448616600790514,0.45454545454545453,0.011857707509881422
78,sesamestreet,0.21541710665258712,0.31890179514255546,0.44878563885955647,0.01689545934530095
79,theloudhouse,0.18974918211559433,0.3696837513631407,0.42639040348964014,0.014176663031624863
80,theflash2014,0.2225877192982456,0.3081140350877193,0.4616228070175439,0.007675438596491228
81,yuyuhakusho,0.2592986184909671,0.2624867162592986,0.4463336875664187,0.031880977683315624
82,startrekenterprise,0.24807056229327454,0.29768467475192945,0.4454244762954796,0.008820286659316428
83,mightymorphinpowerrangers,0.22058823529411764,0.27521008403361347,0.4810924369747899,0.023109243697478993
84,acertainmagicalindex,0.2747603833865815,0.2470713525026624,0.45154419595314166,0.026624068157614485
85,ducktales2017,0.19639065817409768,0.35774946921443734,0.43630573248407645,0.009554140127388535
86,puellamagimadokamagica,0.2607296137339056,0.24034334763948498,0.4699570815450644,0.028969957081545063
87,batmanthebraveandthebold,0.2006269592476489,0.290491118077325,0.4952978056426332,0.013584117032392894
88,invaderzim,0.20412595005428882,0.3127035830618892,0.47014115092290987,0.013029315960912053
89,batmanbeyond,0.20719738276990185,0.3042529989094875,0.4765539803707743,0.011995637949836423
90,swordartonline,0.2657417289220918,0.26360725720384204,0.43649946638207043,0.03415154749199573
91,lawandorderspecialvictimsunit,0.24630541871921183,0.3793103448275862,0.3731527093596059,0.0012315270935960591
92,attackontitan,0.23814655172413793,0.25754310344827586,0.4838362068965517,0.020474137931034482
93,dexterslaboratory,0.21812434141201265,0.3361433087460485,0.42992623814541625,0.015806111696522657
94,montypythonsflyingcircus,0.20885357548240635,0.34846765039727584,0.42565266742338254,0.0170261066969353
95,jojosbizarreadventure,0.26498422712933756,0.2544689800210305,0.45320715036803366,0.027339642481598318
96,starwarstheclonewars,0.24861878453038674,0.2574585635359116,0.481767955801105,0.012154696132596685
97,rurounikenshin,0.23765786452353616,0.2801377726750861,0.44776119402985076,0.03444316877152698
98,thirtyrock,0.22897196261682243,0.3983644859813084,0.3691588785046729,0.0035046728971962616
99,jackiechanadventures,0.22310305775764439,0.2797281993204983,0.47565118912797283,0.021517553793884484
100,cowboybebop,0.2335928809788654,0.2925472747497219,0.4549499443826474,0.018909899888765295
101,theofficeus,0.20531400966183574,0.41304347826086957,0.37922705314009664,0.0024154589371980675
102,thegrimadventuresofbillyandmandy,0.2172043010752688,0.32688172043010755,0.44193548387096776,0.013978494623655914
103,darkwingduck,0.18805309734513273,0.3230088495575221,0.4745575221238938,0.014380530973451327
104,daredevil2015,0.23860911270983212,0.34172661870503596,0.41127098321342925,0.008393285371702638
105,starwarsrebels,0.20259128386336867,0.2968197879858657,0.4840989399293286,0.016489988221436984
106,tinytoonadventures,0.21853546910755148,0.32494279176201374,0.43821510297482835,0.018306636155606407
107,seinfeld,0.21776155717761558,0.40389294403892945,0.3746958637469586,0.0036496350364963502
108,mash,0.24158653846153846,0.36778846153846156,0.38461538461538464,0.006009615384615385
109,ducktales1987,0.22146118721461186,0.3344748858447489,0.4337899543378995,0.010273972602739725
110,slayers,0.24106113033448673,0.2825836216839677,0.4463667820069204,0.029988465974625143
111,twentyfour,0.22136422136422138,0.31402831402831405,0.46074646074646075,0.003861003861003861
112,frasier,0.24060150375939848,0.38847117794486213,0.36466165413533835,0.006265664160401002
113,arrow,0.2526690391459075,0.3107947805456702,0.42823250296559906,0.00830367734282325
114,miraculousladybug,0.2662037037037037,0.27546296296296297,0.4375,0.020833333333333332
115,bobsburgers,0.1908763505402161,0.4057623049219688,0.39015606242497,0.013205282112845138
116,marriedwithchildren,0.18115942028985507,0.40096618357487923,0.41304347826086957,0.004830917874396135
117,killlakill,0.23757575757575758,0.28606060606060607,0.44606060606060605,0.030303030303030304
118,arthur,0.19186785260482847,0.34942820838627703,0.4383735705209657,0.020330368487928845
119,chuck,0.20771144278606965,0.376865671641791,0.4116915422885572,0.0037313432835820895
120,blakesseven,0.23459715639810427,0.2843601895734597,0.476303317535545,0.004739336492890996
121,theamazingworldofgumball,0.21976744186046512,0.33488372093023255,0.4290697674418605,0.01627906976744186
122,mythbusters,0.2042875157629256,0.31651954602774274,0.46532156368221944,0.013871374527112233
123,blackadder,0.1792573623559539,0.37900128040973113,0.43021766965428937,0.011523687580025609
124,rockosmodernlife,0.22249388753056235,0.33985330073349634,0.42053789731051344,0.017114914425427872
125,beastwars,0.22620519159456118,0.25710754017305315,0.5018541409147095,0.014833127317676144
126,parksandrecreation,0.20410783055198972,0.4274711168164313,0.3645699614890886,0.0038510911424903724
127,samuraijack,0.24877450980392157,0.2426470588235294,0.48651960784313725,0.022058823529411766
128,yugiohgx,0.26277372262773724,0.28832116788321166,0.4245742092457421,0.024330900243309004
129,ededdneddy,0.18461538461538463,0.36923076923076925,0.4260355029585799,0.020118343195266272
130,cheers,0.19230769230769232,0.4204244031830239,0.383289124668435,0.003978779840848806
131,dragonballsuper,0.24556962025316456,0.25949367088607594,0.4620253164556962,0.03291139240506329
132,haruhisuzumiya,0.241635687732342,0.32094175960346966,0.4076827757125155,0.02973977695167286
133,recess,0.1590013140604468,0.40341655716162944,0.4283837056504599,0.009198423127463863
134,yugioh5ds,0.26214833759590794,0.26214833759590794,0.45012787723785164,0.02557544757033248
135,mobilesuitgundamwing,0.25485122897800777,0.2664941785252264,0.4463130659767141,0.03234152652005175
136,onceuponatime,0.22356091030789826,0.30254350736278446,0.46987951807228917,0.004016064257028112
137,caseclosed,0.26587301587301587,0.3148148148148148,0.3941798941798942,0.02513227513227513
138,itsalwayssunnyinphiladelphia,0.2002635046113307,0.4137022397891963,0.37812911725955206,0.007905138339920948
139,tokyoghoul,0.24867724867724866,0.2830687830687831,0.4444444444444444,0.023809523809523808
140,heyarnold,0.1925064599483204,0.3785529715762274,0.42248062015503873,0.006459948320413436
141,hunterxhunter,0.2518703241895262,0.26932668329177056,0.4538653366583541,0.02493765586034913
142,sherlock,0.19137466307277629,0.38140161725067384,0.42183288409703507,0.005390835579514825
143,kaguyasamaloveiswar,0.22175141242937854,0.384180790960452,0.3728813559322034,0.0211864406779661
144,fringe,0.2159383033419023,0.3277634961439589,0.4524421593830334,0.0038560411311053984
145,thewestwing,0.20408163265306123,0.43673469387755104,0.35918367346938773,0.0
146,kaeloo,0.22393822393822393,0.34234234234234234,0.4195624195624196,0.014157014157014158
147,psych,0.19810040705563092,0.41112618724559025,0.3880597014925373,0.0027137042062415195
148,mobilesuitgundam00,0.2638522427440633,0.25725593667546176,0.44854881266490765,0.030343007915567283
149,codelyoko,0.23232323232323232,0.2878787878787879,0.45707070707070707,0.022727272727272728
150,lawandorder,0.26725403817914833,0.36123348017621143,0.368575624082232,0.002936857562408223
151,csiny,0.25100133511348466,0.33511348464619495,0.40587449933244324,0.00801068090787717
152,youngjustice,0.23116219667943805,0.27330779054916987,0.48659003831417624,0.008939974457215836
153,arresteddevelopment,0.21805555555555556,0.41805555555555557,0.35833333333333334,0.005555555555555556
154,themuppetshow,0.14809960681520315,0.39580602883355176,0.4429882044560944,0.01310615989515072
155,mobilesuitgundam,0.2524137931034483,0.24551724137931036,0.46482758620689657,0.037241379310344824
156,supermantheanimatedseries,0.22963951935914553,0.2870493991989319,0.47930574098798395,0.004005340453938585
157,teentitansgo,0.19350649350649352,0.34285714285714286,0.45194805194805193,0.011688311688311689
158,malcolminthemiddle,0.2220708446866485,0.38283378746594005,0.3896457765667575,0.005449591280653951
159,digimonadventure,0.24214659685863874,0.2643979057591623,0.4620418848167539,0.031413612565445025
160,blacklagoon,0.26732673267326734,0.2956152758132956,0.4115983026874116,0.02545968882602546
161,hellsing,0.2709497206703911,0.24022346368715083,0.47067039106145253,0.018156424581005588
162,teenagemutantninjaturtles2003,0.2047556142668428,0.27873183619550856,0.4953764861294584,0.021136063408190225
163,daria,0.21875,0.42329545454545453,0.3565340909090909,0.0014204545454545455
164,trueblood,0.22758620689655173,0.34206896551724136,0.4220689655172414,0.008275862068965517
165,torchwood,0.25906040268456376,0.30201342281879195,0.43087248322147653,0.008053691275167786
166,ghostintheshellstandalonecomplex,0.2571041948579161,0.2882273342354533,0.44248985115020295,0.012178619756427604
167,castle,0.28674351585014407,0.35878962536023057,0.3472622478386167,0.007204610951008645
168,thetransformers,0.20580474934036938,0.2928759894459103,0.48812664907651715,0.013192612137203167
169,merlin2008,0.2562674094707521,0.28551532033426186,0.44707520891364905,0.011142061281337047
170,breakingbad,0.2301013024602026,0.3429811866859624,0.4211287988422576,0.005788712011577424
171,teenagemutantninjaturtles2012,0.19810040705563092,0.31343283582089554,0.47218453188602444,0.016282225237449117
172,ben10,0.26151761517615174,0.24661246612466126,0.47560975609756095,0.016260162601626018
173,that70sshow,0.22706065318818042,0.4152410575427683,0.35303265940902023,0.004665629860031105
174,garfieldandfriends,0.16262482168330955,0.38516405135520687,0.43651925820256776,0.015691868758915834
175,brooklynninenine,0.20175438596491227,0.4298245614035088,0.3654970760233918,0.0029239766081871343
176,dexter,0.23556231003039513,0.34498480243161095,0.41793313069908816,0.001519756838905775
177,reboot,0.22128851540616246,0.28991596638655465,0.47478991596638653,0.014005602240896359
178,thegoldengirls,0.21124620060790272,0.439209726443769,0.34498480243161095,0.004559270516717325
179,sheraandtheprincessesofpower,0.24927953890489912,0.2564841498559078,0.4755043227665706,0.018731988472622477
180,transformersprime,0.2510460251046025,0.23430962343096234,0.4895397489539749,0.02510460251046025
181,trigun,0.26346433770014555,0.26055312954876275,0.4497816593886463,0.026200873362445413
182,saintseiya,0.2658788774002954,0.23190546528803546,0.4623338257016248,0.03988183161004431
183,rosarioplusvampire,0.2844311377245509,0.28293413173652693,0.405688622754491,0.02694610778443114
184,thesopranos,0.18489984591679506,0.4268104776579353,0.38212634822804314,0.0061633281972265025
185,teenagemutantninjaturtles1987,0.19672131147540983,0.337431693989071,0.45491803278688525,0.01092896174863388
186,theflintstones,0.19336219336219337,0.36075036075036077,0.4357864357864358,0.010101010101010102
187,thomasandfriends,0.12364760432766615,0.42967542503863987,0.43431221020092736,0.012364760432766615
188,agentsofshield,0.24583333333333332,0.2847222222222222,0.46111111111111114,0.008333333333333333
189,leverage,0.2536443148688047,0.34110787172011664,0.4008746355685131,0.004373177842565598
190,archer,0.26906474820143883,0.34532374100719426,0.37553956834532376,0.010071942446043165
191,xenawarriorprincess,0.21923620933521923,0.27722772277227725,0.49504950495049505,0.008486562942008486
192,digimontamers,0.24108416547788872,0.2724679029957204,0.4579172610556348,0.028530670470756064
193,theadventuresofjimmyneutronboygenius,0.18948824343015214,0.3582295988934993,0.44813278008298757,0.004149377593360996
194,thespectacularspiderman,0.18154761904761904,0.32589285714285715,0.4880952380952381,0.004464285714285714
195,grimm,0.24216524216524216,0.3091168091168091,0.43874643874643876,0.009971509971509971
196,inuyasha,0.26212121212121214,0.2681818181818182,0.43787878787878787,0.031818181818181815
197,fostershomeforimaginaryfriends,0.16618497109826588,0.41184971098265893,0.4060693641618497,0.015895953757225433
198,supergirl2015,0.22005988023952097,0.3248502994011976,0.4476047904191617,0.0074850299401197605
199,therealghostbusters,0.19368723098995697,0.3586800573888092,0.4332855093256815,0.014347202295552367
200,thetwilightzone1959,0.24519940915805022,0.2791728212703102,0.46971935007385524,0.005908419497784343
201,fullmetalpanic,0.2503793626707132,0.283763277693475,0.44461305007587254,0.021244309559939303
202,mynameisearl,0.25892857142857145,0.33482142857142855,0.40327380952380953,0.002976190476190476
203,jag,0.23854660347551343,0.3696682464454976,0.3886255924170616,0.00315955766192733
204,legendsoftomorrow,0.21207430340557276,0.29102167182662536,0.48606811145510836,0.010835913312693499
205,personofinterest,0.2556053811659193,0.28400597907324365,0.452914798206278,0.007473841554559043
206,robotchicken,0.25069637883008355,0.3161559888579387,0.41643454038997213,0.016713091922005572
207,dangermouse,0.17226277372262774,0.345985401459854,0.472992700729927,0.008759124087591242
208,starvstheforcesofevil,0.24347826086956523,0.30289855072463767,0.4391304347826087,0.014492753623188406
209,therenandstimpyshow,0.18099547511312217,0.3755656108597285,0.42684766214177977,0.016591251885369532
210,doug,0.16873065015479877,0.4102167182662539,0.4117647058823529,0.009287925696594427
211,chipndalerescuerangers,0.212298682284041,0.30600292825768666,0.465592972181552,0.016105417276720352
212,ourmissbrooks,0.20784883720930233,0.40843023255813954,0.373546511627907,0.010174418604651164
213,madmen,0.2640901771336554,0.4106280193236715,0.3252818035426731,0.0
214,winxclub,0.24537037037037038,0.2993827160493827,0.4367283950617284,0.018518518518518517
215,baccano,0.21187800963081863,0.3434991974317817,0.4317817014446228,0.012841091492776886
216,ahmygoddess,0.27450980392156865,0.2986425339366516,0.40271493212669685,0.024132730015082957
217,gintama,0.2523076923076923,0.31384615384615383,0.39692307692307693,0.036923076923076927
218,aquateenhungerforce,0.22595419847328244,0.33129770992366414,0.4305343511450382,0.012213740458015267
219,twinpeaks,0.23400936037441497,0.36037441497659906,0.39781591263650545,0.0078003120124804995
220,boardwalkempire,0.246875,0.36875,0.3828125,0.0015625
221,monk,0.2549019607843137,0.35294117647058826,0.39215686274509803,0.0
222,wanderoveryonder,0.16946564885496182,0.33129770992366414,0.48244274809160304,0.016793893129770993
223,ouranhighschoolhostclub,0.2482758620689655,0.38275862068965516,0.3413793103448276,0.027586206896551724
224,claymore,0.23841059602649006,0.23344370860927152,0.5016556291390728,0.026490066225165563
225,dollhouse,0.21496815286624205,0.3519108280254777,0.42356687898089174,0.009554140127388535
226,thefreshprinceofbelair,0.2112,0.4512,0.336,0.0016
227,coldcase,0.23129251700680273,0.40816326530612246,0.358843537414966,0.0017006802721088435
228,theworldgodonlyknows,0.26802507836990597,0.3275862068965517,0.3683385579937304,0.03605015673981191
229,gotham,0.18971061093247588,0.35852090032154343,0.44694533762057875,0.00482315112540193
230,happyheroes,0.2481089258698941,0.2859304084720121,0.4402420574886536,0.025718608169440244
231,warehouse13,0.21771771771771772,0.33483483483483484,0.4444444444444444,0.003003003003003003
232,xiaolinshowdown,0.23076923076923078,0.29356357927786497,0.45682888540031397,0.018838304552590265
233,fruitsbasket,0.24143835616438356,0.3835616438356164,0.351027397260274,0.023972602739726026
234,icarly,0.19391025641025642,0.39903846153846156,0.39903846153846156,0.008012820512820512
235,beavisandbutthead,0.19292604501607716,0.3778135048231511,0.41961414790996787,0.00964630225080386
236,veronicamars,0.26791808873720135,0.3993174061433447,0.33276450511945393,0.0
237,burnnotice,0.2470389170896785,0.3299492385786802,0.4213197969543147,0.001692047377326565
238,kaizokusentaigokaiger,0.20190779014308427,0.27980922098569155,0.4912559618441971,0.02702702702702703
239,revolutionarygirlutena,0.21911037891268534,0.32948929159802304,0.42833607907743,0.023064250411861616
240,fatezero,0.24444444444444444,0.24603174603174602,0.48253968253968255,0.026984126984126985
241,ben10omniverse,0.22168284789644013,0.313915857605178,0.4546925566343042,0.009708737864077669
242,mobilefighterggundam,0.24758842443729903,0.2459807073954984,0.4694533762057878,0.03697749196141479
243,pantyandstockingwithgarterbelt,0.23421926910299004,0.3122923588039867,0.42524916943521596,0.02823920265780731
244,thepenguinsofmadagascar,0.16899224806201552,0.3627906976744186,0.45271317829457364,0.015503875968992248
245,sabrinatheteenagewitch,0.21947194719471946,0.3795379537953795,0.3910891089108911,0.009900990099009901
246,wizardsofwaverlyplace,0.18314424635332252,0.37763371150729336,0.42787682333873583,0.011345218800648298
247,digimonadventure02,0.22820919175911253,0.29160063391442154,0.44849445324881143,0.03169572107765452
248,thewire,0.25601374570446733,0.3436426116838488,0.3951890034364261,0.005154639175257732
249,sgtfrog,0.22755417956656346,0.30340557275541796,0.4411764705882353,0.02786377708978328
250,murdochmysteries,0.21009771986970685,0.3990228013029316,0.38436482084690554,0.006514657980456026
251,xmenevolution,0.1918238993710692,0.330188679245283,0.4638364779874214,0.014150943396226415
252,metalocalypse,0.18892508143322476,0.3794788273615635,0.4185667752442997,0.013029315960912053
253,lexx,0.2631578947368421,0.266347687400319,0.46570972886762363,0.004784688995215311
254,tenchimuyo,0.28685897435897434,0.27884615384615385,0.40224358974358976,0.03205128205128205
255,fistofthenorthstar,0.20304568527918782,0.25549915397631134,0.5042301184433164,0.03722504230118443
256,batman1966,0.19439868204283361,0.3344316309719934,0.45799011532125206,0.013179571663920923
257,misskobayashisdragonmaid,0.2850467289719626,0.29283489096573206,0.3909657320872274,0.03115264797507788
258,gilmoregirls,0.24820143884892087,0.4550359712230216,0.2931654676258993,0.0035971223021582736
259,ben10alienforce,0.22169811320754718,0.2893081761006289,0.47327044025157233,0.015723270440251572
260,highschooldxd,0.2813008130081301,0.2780487804878049,0.40487804878048783,0.03577235772357724
261,kenichithemightiestdisciple,0.23943661971830985,0.29225352112676056,0.4242957746478873,0.04401408450704225
262,theboondocks,0.19504132231404958,0.36363636363636365,0.43140495867768597,0.009917355371900827
263,girlsundpanzer,0.20684039087947884,0.34364820846905536,0.41368078175895767,0.035830618892508145
264,loisandclark,0.2188006482982172,0.3419773095623987,0.4392220421393841,0.0
265,jimmytwoshoes,0.21508828250401285,0.33868378812199035,0.4301765650080257,0.016051364365971106
266,eureka,0.21915584415584416,0.362012987012987,0.4155844155844156,0.003246753246753247
267,magicalgirllyricalnanohastrikers,0.2681744749596123,0.24232633279483037,0.4491114701130856,0.04038772213247173
268,thecolbertreport,0.1750841750841751,0.39730639730639733,0.4225589225589226,0.005050505050505051
269,mobilesuitgundamseed,0.253448275862069,0.23793103448275862,0.4724137931034483,0.03620689655172414
270,thesuitelifeofzackandcody,0.19006849315068494,0.4263698630136986,0.3767123287671233,0.00684931506849315
271,theowlhouse,0.24342105263157895,0.3470394736842105,0.3963815789473684,0.013157894736842105
272,victorious,0.16179001721170397,0.44922547332185886,0.3803786574870912,0.008605851979345954
273,dgrayman,0.2478031634446397,0.2671353251318102,0.44815465729349735,0.03690685413005272
274,regularshow,0.19488817891373802,0.3722044728434505,0.4217252396166134,0.011182108626198083
275,elementary,0.20238095238095238,0.3979591836734694,0.3979591836734694,0.0017006802721088435
276,redwall,0.17235494880546076,0.32081911262798635,0.4880546075085324,0.01877133105802048
277,pinkyandthebrain,0.18803418803418803,0.3435897435897436,0.452991452991453,0.015384615384615385
278,boruto,0.21805792163543442,0.313458262350937,0.43781942078364566,0.030664395229982964
279,spartacusbloodandsand,0.19021739130434784,0.3532608695652174,0.4420289855072464,0.014492753623188406
280,azumangadaioh,0.23243243243243245,0.3567567567567568,0.3747747747747748,0.036036036036036036
281,downtonabbey,0.23629489603024575,0.43667296786389415,0.32514177693761814,0.001890359168241966
282,lawandordercriminalintent,0.22385321100917432,0.3889908256880734,0.3853211009174312,0.001834862385321101
283,modernfamily,0.20967741935483872,0.44086021505376344,0.34229390681003585,0.007168458781362007
284,kamenriderdouble,0.22056384742951907,0.2769485903814262,0.4660033167495854,0.03648424543946932
285,greysanatomy,0.20255474452554745,0.42883211678832117,0.36496350364963503,0.0036496350364963502
286,boymeetsworld,0.20964749536178107,0.437847866419295,0.3525046382189239,0.0
287,startrekpicard,0.23208191126279865,0.295221843003413,0.46075085324232085,0.011945392491467578
288,thegoodplace,0.1981981981981982,0.43243243243243246,0.3675675675675676,0.0018018018018018018
289,kamenridergaim,0.21565217391304348,0.29043478260869565,0.4504347826086956,0.043478260869565216
290,myhime,0.2829861111111111,0.2777777777777778,0.4079861111111111,0.03125
291,robotech,0.19584055459272098,0.28422876949740034,0.49566724436741766,0.024263431542461005
292,getsmart,0.2109777015437393,0.33104631217838765,0.444253859348199,0.0137221269296741
293,talespin,0.18505942275042445,0.3701188455008489,0.4295415959252971,0.015280135823429542
294,startrekdiscovery,0.23776223776223776,0.24825174825174826,0.506993006993007,0.006993006993006993
295,bojackhorseman,0.22695035460992907,0.3900709219858156,0.3723404255319149,0.010638297872340425
296,drawntogether,0.2413793103448276,0.3396551724137931,0.40344827586206894,0.015517241379310345
297,kungfupandalegendsofawesomeness,0.15397923875432526,0.3460207612456747,0.49653979238754326,0.0034602076124567475
298,blackbutler,0.24500907441016334,0.29764065335753176,0.426497277676951,0.030852994555353903
299,misfits,0.24489795918367346,0.3339517625231911,0.4174397031539889,0.0037105751391465678
300,eyeshield21,0.20695970695970695,0.3516483516483517,0.40476190476190477,0.03663003663003663
301,mahousentaimagiranger,0.28545780969479356,0.23518850987432674,0.4524236983842011,0.026929982046678635
302,er,0.22770398481973433,0.43453510436432635,0.33586337760910817,0.0018975332068311196
303,uruseiyatsura,0.27889908256880735,0.3302752293577982,0.3651376146788991,0.025688073394495414
304,sonicthehedgehogsatam,0.17375886524822695,0.31560283687943264,0.5,0.010638297872340425
305,pandorahearts,0.20545454545454545,0.3418181818181818,0.43454545454545457,0.01818181818181818
306,thirdrockfromthesun,0.22438162544169613,0.38869257950530034,0.37985865724381623,0.007067137809187279
307,theouterlimits1995,0.32368896925858953,0.19349005424954793,0.4810126582278481,0.0018083182640144665
308,powerrangersrpm,0.1881720430107527,0.33691756272401435,0.460573476702509,0.014336917562724014
309,mazingerz,0.29908256880733947,0.21100917431192662,0.45688073394495415,0.03302752293577982
310,adventuresofsonicthehedgehog,0.18538324420677363,0.3672014260249554,0.43137254901960786,0.016042780748663103
311,tigerandbunny,0.20795660036166366,0.32730560578661844,0.4430379746835443,0.0216998191681736
312,familymatters,0.19065420560747665,0.42990654205607476,0.37009345794392523,0.009345794392523364
313,lukecage2016,0.20112781954887218,0.35714285714285715,0.43609022556390975,0.005639097744360902
314,witch,0.2555147058823529,0.31433823529411764,0.4227941176470588,0.007352941176470588
315,cobrakai,0.17045454545454544,0.4166666666666667,0.4053030303030303,0.007575757575757576
316,blackclover,0.3041044776119403,0.25,0.4085820895522388,0.03731343283582089
317,monster,0.20078740157480315,0.36220472440944884,0.4251968503937008,0.011811023622047244
318,monstermusume,0.30353817504655495,0.3165735567970205,0.3500931098696462,0.0297951582867784
319,thementalist,0.22857142857142856,0.38666666666666666,0.38476190476190475,0.0
320,prettycure,0.259765625,0.271484375,0.427734375,0.041015625
321,ben10ultimatealien,0.1891891891891892,0.3117117117117117,0.4882882882882883,0.010810810810810811
322,kamenriderooo,0.23423423423423423,0.2828828828828829,0.44684684684684683,0.036036036036036036
323,fullhouse,0.1676300578034682,0.44701348747591524,0.37957610789980734,0.005780346820809248
324,thelooneytunesshow,0.14963503649635038,0.45072992700729925,0.3886861313868613,0.010948905109489052
325,macgyver1985,0.22181818181818183,0.3472727272727273,0.4218181818181818,0.00909090909090909
326,excelsaga,0.22388059701492538,0.32276119402985076,0.4253731343283582,0.027985074626865673
327,lucifer2016,0.2247191011235955,0.36704119850187267,0.40636704119850187,0.0018726591760299626
328,degrassithenextgeneration,0.24055666003976142,0.4294234592445328,0.3220675944333996,0.007952286282306162
329,readyjetgo,0.19963369963369965,0.3424908424908425,0.4413919413919414,0.016483516483516484
330,the100,0.22140221402214022,0.3007380073800738,0.47232472324723246,0.005535055350553505
331,yugioharcv,0.20292504570383912,0.3071297989031079,0.45521023765996343,0.03473491773308958
332,buzzlightyearofstarcommand,0.1962962962962963,0.3314814814814815,0.4666666666666667,0.005555555555555556
333,gooftroop,0.1346153846153846,0.4461538461538462,0.4076923076923077,0.011538461538461539
334,totallyspies,0.17902350813743217,0.3399638336347197,0.4665461121157324,0.014466546112115732
335,rockyandbullwinkle,0.16791044776119404,0.3675373134328358,0.4496268656716418,0.014925373134328358
336,survivor,0.1515748031496063,0.4271653543307087,0.41141732283464566,0.00984251968503937
337,mobilesuitzetagundam,0.22813688212927757,0.2224334600760456,0.5152091254752852,0.034220532319391636
338,thebatman,0.16920152091254753,0.3193916349809886,0.49619771863117873,0.015209125475285171
339,spongebobsquarepants,0.21608040201005024,0.3132328308207705,0.4539363484087102,0.01675041876046901
340,luckystar,0.24796747967479674,0.3394308943089431,0.3780487804878049,0.034552845528455285
341,voltronlegendarydefender,0.2454212454212454,0.28205128205128205,0.4542124542124542,0.018315018315018316
342,generatorrex,0.2261682242990654,0.30654205607476637,0.4523364485981308,0.014953271028037384
343,highlander,0.22684310018903592,0.3005671077504726,0.46313799621928164,0.00945179584120983
344,aladdintheseries,0.19391634980988592,0.33269961977186313,0.46577946768060835,0.0076045627376425855
345,quantumleap,0.2209737827715356,0.350187265917603,0.4250936329588015,0.003745318352059925
346,fushigiyuugi,0.2744721689059501,0.29942418426103645,0.40115163147792704,0.02495201535508637
347,themandalorian,0.21834862385321102,0.29357798165137616,0.47339449541284406,0.014678899082568808
348,jessicajones2015,0.20078740157480315,0.37598425196850394,0.41338582677165353,0.00984251968503937
349,hannahmontana,0.16135458167330677,0.4163346613545817,0.41832669322709165,0.00398406374501992
350,teenwolf,0.21706864564007422,0.3692022263450835,0.4025974025974026,0.011131725417439703
351,veggietales,0.16856060606060605,0.36553030303030304,0.44507575757575757,0.020833333333333332
352,thevampirediaries,0.21814254859611232,0.3650107991360691,0.4168466522678186,0.0
353,sonicboom,0.1619047619047619,0.38476190476190475,0.4438095238095238,0.009523809523809525
354,spidermantheanimatedseries,0.17829457364341086,0.30426356589147285,0.5116279069767442,0.005813953488372093
355,arrowverse,0.20625,0.3145833333333333,0.4708333333333333,0.008333333333333333
356,sayonarazetsubousensei,0.23943661971830985,0.3682092555331992,0.358148893360161,0.03420523138832998
357,thatmitchellandwebblook,0.1801125703564728,0.37523452157598497,0.4371482176360225,0.0075046904315197
358,strangerthings,0.22851919561243145,0.36745886654478976,0.40036563071297987,0.003656307129798903
359,jem,0.188,0.396,0.402,0.014
360,oddsquad,0.18552875695732837,0.37105751391465674,0.43413729128014844,0.00927643784786642
361,numb3rs,0.2222222222222222,0.39285714285714285,0.38293650793650796,0.001984126984126984
362,inspectorgadget,0.20610687022900764,0.34541984732824427,0.42748091603053434,0.02099236641221374
363,herculesthelegendaryjourneys,0.20786516853932585,0.3052434456928839,0.4794007490636704,0.00749063670411985
364,mylifeasateenagerobot,0.20743639921722112,0.33463796477495106,0.44422700587084146,0.0136986301369863
365,nedsdeclassifiedschoolsurvivalguide,0.15831663326653306,0.4408817635270541,0.3967935871743487,0.004008016032064128
366,rome,0.21862348178137653,0.39473684210526316,0.3825910931174089,0.004048582995951417
367,kamenriderdecade,0.20743639921722112,0.3013698630136986,0.4657534246575342,0.025440313111545987
368,andromeda,0.252,0.256,0.484,0.008
369,elfenlied,0.2297029702970297,0.2693069306930693,0.47128712871287126,0.0297029702970297
370,homeimprovement,0.16633266533066132,0.4589178356713427,0.3687374749498998,0.006012024048096192
371,wakfu,0.3036750483558994,0.2127659574468085,0.4661508704061896,0.017408123791102514
372,superfriends,0.22111553784860558,0.2749003984063745,0.4860557768924303,0.017928286852589643
373,magilabyrinthofmagic,0.2746615087040619,0.29206963249516443,0.40618955512572535,0.027079303675048357
374,kirbyrightbackatya,0.2184557438794727,0.2730696798493409,0.4764595103578154,0.032015065913371
375,durarara,0.24356435643564356,0.31287128712871287,0.4178217821782178,0.02574257425742574
376,johnnybravo,0.19245283018867926,0.35471698113207545,0.4377358490566038,0.01509433962264151
377,mobilesuitgundamseeddestiny,0.2099009900990099,0.27920792079207923,0.47128712871287126,0.039603960396039604
378,drakeandjosh,0.14583333333333334,0.4708333333333333,0.3729166666666667,0.010416666666666666
379,thewalkingdead,0.20910973084886128,0.2898550724637681,0.484472049689441,0.016563146997929608
380,terminatorthesarahconnorchronicles,0.23984526112185686,0.2901353965183752,0.46421663442940037,0.005802707930367505
381,orangeisthenewblack,0.21108742004264391,0.4093816631130064,0.373134328358209,0.006396588486140725
382,xmentheanimatedseries,0.16115702479338842,0.3450413223140496,0.4793388429752066,0.014462809917355372
383,chowder,0.18383838383838383,0.402020202020202,0.4080808080808081,0.006060606060606061
384,theateam,0.18590998043052837,0.3561643835616438,0.4500978473581213,0.007827788649706457
385,digimonfrontier,0.25766871165644173,0.2556237218813906,0.4458077709611452,0.0408997955010225
386,hannibal,0.2055084745762712,0.3792372881355932,0.4088983050847458,0.006355932203389831
387,bettercallsaul,0.18200836820083682,0.41422594142259417,0.399581589958159,0.0041841004184100415
388,kon,0.202991452991453,0.3782051282051282,0.37606837606837606,0.042735042735042736
389,beetlejuice,0.16370808678500987,0.388560157790927,0.4437869822485207,0.0039447731755424065
390,stargateuniverse,0.2231578947368421,0.33263157894736844,0.44,0.004210526315789474
391,houseofmouse,0.1724137931034483,0.40365111561866124,0.40973630831643004,0.014198782961460446
392,couragethecowardlydog,0.22529644268774704,0.32806324110671936,0.4308300395256917,0.015810276679841896
393,greatteacheronizuka,0.23092369477911648,0.37349397590361444,0.37751004016064255,0.018072289156626505
394,ninjago,0.21341463414634146,0.2784552845528455,0.4959349593495935,0.012195121951219513
395,toloveru,0.27601809954751133,0.3552036199095023,0.334841628959276,0.033936651583710405
396,ultimatespiderman,0.128099173553719,0.38016528925619836,0.48140495867768596,0.010330578512396695
397,thenanny,0.24628450106157113,0.4288747346072187,0.3248407643312102,0.0
398,mobilesuitgundamironbloodedorphans,0.23446893787575152,0.27655310621242485,0.45090180360721444,0.03807615230460922
399,megasxlr,0.19327731092436976,0.30462184873949577,0.4789915966386555,0.023109243697478993
400,kamenriderexaid,0.241869918699187,0.27439024390243905,0.43902439024390244,0.044715447154471545
401,castlevania2017,0.21961620469083157,0.2921108742004264,0.4626865671641791,0.0255863539445629
402,midsomermurders,0.24798387096774194,0.34274193548387094,0.3971774193548387,0.012096774193548387
403,fatherted,0.15644820295983086,0.4164904862579281,0.4186046511627907,0.008456659619450317
404,sonicx,0.1875,0.3346774193548387,0.4536290322580645,0.024193548387096774
405,qi,0.1722689075630252,0.4054621848739496,0.41386554621848737,0.008403361344537815
406,dragonballgt,0.2309278350515464,0.24123711340206186,0.5051546391752577,0.02268041237113402
407,macrossfrontier,0.29313929313929316,0.24740124740124741,0.4261954261954262,0.033264033264033266
408,thebackyardigans,0.21739130434782608,0.3359683794466403,0.4268774703557312,0.019762845849802372
409,thesmurfs1981,0.2222222222222222,0.30409356725146197,0.4522417153996101,0.021442495126705652
410,foodwars,0.22844827586206898,0.3900862068965517,0.3448275862068966,0.036637931034482756
411,scandal,0.21304347826086956,0.4,0.3847826086956522,0.002173913043478261
412,sliders,0.2170212765957447,0.33191489361702126,0.451063829787234,0.0
413,bigcitygreens,0.13786008230452676,0.41358024691358025,0.43415637860082307,0.01440329218106996
414,roseanne,0.19953051643192488,0.4624413145539906,0.33568075117370894,0.002347417840375587
