i_doc,doc,Topic 1,Topic 2,Topic 3
0,acertainmagicalindex,0.4158145875937287,0.5773687798227676,0.006816632583503749
1,acertainscientificrailgun,0.334983498349835,0.6567656765676567,0.00825082508250825
2,achannel,0.4444444444444444,0.5555555555555556,0.0
3,adestructivegodsitsnexttome,0.21153846153846154,0.7692307692307693,0.019230769230769232
4,aicoincarnation,0.5172413793103449,0.4827586206896552,0.0
5,akb0048,0.4557823129251701,0.5238095238095238,0.02040816326530612
6,alittlesnowfairysugar,0.20833333333333334,0.7604166666666666,0.03125
7,aplacefurtherthantheuniverse,0.125,0.8666666666666667,0.008333333333333333
8,apolarbearinlove,0.7142857142857143,0.2857142857142857,0.0
9,aria,0.27835051546391754,0.6907216494845361,0.030927835051546393
10,asistersallyouneed,0.6666666666666666,0.3333333333333333,0.0
11,accelworld,0.4476744186046512,0.5465116279069767,0.005813953488372093
12,aceattorney,0.23715415019762845,0.758893280632411,0.003952569169960474
13,actionheroinecheerfruits,0.24468085106382978,0.7127659574468085,0.0425531914893617
14,activeraid,0.4875,0.5125,0.0
15,adachiandshimamura,0.15584415584415584,0.8181818181818182,0.025974025974025976
16,aestheticaofaroguehero,0.41379310344827586,0.5574712643678161,0.028735632183908046
17,afrosamurai,0.3391003460207612,0.6539792387543253,0.006920415224913495
18,aftertherain2014,0.8,0.2,0.0
19,afterwargundamx,0.47150259067357514,0.5233160621761658,0.0051813471502590676
20,agathachristiesgreatdetectivespoirotandmarple,0.5172413793103449,0.4827586206896552,0.0
21,agentaika,0.4014084507042254,0.5915492957746479,0.007042253521126761
22,aggretsuko,0.12637362637362637,0.8131868131868132,0.06043956043956044
23,ahmybuddha,0.30357142857142855,0.6964285714285714,0.0
24,ahmygoddess,0.29588431590656283,0.6863181312569522,0.017797552836484983
25,ahogirl,0.15789473684210525,0.7894736842105263,0.05263157894736842
26,aiyoriaoshi,0.21768707482993196,0.7755102040816326,0.006802721088435374
27,aikatsu,0.17424242424242425,0.803030303030303,0.022727272727272728
28,aikatsustars,0.19047619047619047,0.7976190476190477,0.011904761904761904
29,aimfortheace,0.24,0.72,0.04
30,airgear,0.26458333333333334,0.70625,0.029166666666666667
31,airmaster,0.26744186046511625,0.7209302325581395,0.011627906976744186
32,aishiteruzebaby,0.13559322033898305,0.847457627118644,0.01694915254237288
33,aiura,1.0,0.0,0.0
34,akagi,0.2033898305084746,0.751412429378531,0.04519774011299435
35,akahorigedouhourlovege,0.34615384615384615,0.6538461538461539,0.0
36,akamegakill,0.41228070175438597,0.5877192982456141,0.0
37,akazukinchacha,0.34054054054054056,0.6108108108108108,0.04864864864864865
38,akikan,0.23711340206185566,0.7628865979381443,0.0
39,akudaisakusensrungle,0.3157894736842105,0.6842105263157895,0.0
40,akumanoriddle,0.24064171122994651,0.7433155080213903,0.016042780748663103
41,albegas,0.45454545454545453,0.45454545454545453,0.09090909090909091
42,alderaminonthesky,0.375,0.5,0.125
43,aldnoahzero,0.4601366742596811,0.530751708428246,0.009111617312072893
44,allpurposeculturalcatgirlnukunuku,0.2796610169491525,0.6949152542372882,0.025423728813559324
45,allisonandlillia,0.23469387755102042,0.7653061224489796,0.0
46,alpsstoriesmyannette,0.16483516483516483,0.8131868131868132,0.02197802197802198
47,amagibrilliantpark,0.18556701030927836,0.7869415807560137,0.027491408934707903
48,amatsuki,0.37857142857142856,0.6214285714285714,0.0
49,andyetthetownmoves,0.38235294117647056,0.5588235294117647,0.058823529411764705
50,andersenmonogatari,0.4117647058823529,0.5882352941176471,0.0
51,androidannouncermaico2010,0.38461538461538464,0.6153846153846154,0.0
52,andromedastories,0.8888888888888888,0.0,0.1111111111111111
53,angevierge,0.5555555555555556,0.4444444444444444,0.0
54,angelbeats,0.23651452282157676,0.7489626556016598,0.014522821576763486
55,angelcop,0.3723404255319149,0.6170212765957447,0.010638297872340425
56,angelheart,0.38636363636363635,0.6136363636363636,0.0
57,angellinks,0.4915254237288136,0.5084745762711864,0.0
58,angelsanctuary,0.5061728395061729,0.48148148148148145,0.012345679012345678
59,angeltales,0.24,0.76,0.0
60,angeliclayer,0.36,0.6342857142857142,0.005714285714285714
61,animaldetectiveskiruminzoo,0.2967032967032967,0.6703296703296703,0.03296703296703297
62,animalyokocho,0.25,0.7142857142857143,0.03571428571428571
63,animegataris,0.14925373134328357,0.7985074626865671,0.05223880597014925
64,annehappy,0.4,0.6,0.0
65,anohanatheflowerwesawthatday,0.1695906432748538,0.8011695906432749,0.029239766081871343
66,aoharuxmachinegun,0.1836734693877551,0.8061224489795918,0.01020408163265306
67,aquarionevol,0.2845849802371542,0.7114624505928854,0.003952569169960474
68,arabiannightsadventuresofsinbad,0.2682926829268293,0.5365853658536586,0.1951219512195122
69,arakawaunderthebridge,0.19696969696969696,0.803030303030303,0.0
70,argentosoma,0.3023255813953488,0.6744186046511628,0.023255813953488372
71,ariathescarletammo,0.307909604519774,0.6694915254237288,0.022598870056497175
72,armitageiii,0.4838709677419355,0.4967741935483871,0.01935483870967742
73,armoredtroopervotoms,0.47706422018348627,0.5229357798165137,0.0
74,asmissbeelzebublikes,0.5,0.5,0.0
75,ashitanonadja,0.10497237569060773,0.8784530386740331,0.016574585635359115
76,askdrrin,0.34782608695652173,0.6521739130434783,0.0
77,asobiasobase,0.3684210526315789,0.631578947368421,0.0
78,assassinationclassroom,0.26677577741407527,0.7103109656301145,0.022913256955810146
79,assaultlilybouquet,0.42857142857142855,0.5714285714285714,0.0
80,astroboy,0.3653444676409186,0.605427974947808,0.029227557411273485
81,asuracryin,0.4943820224719101,0.5056179775280899,0.0
82,atomthebeginning,0.38636363636363635,0.6136363636363636,0.0
83,attacknumberone,0.3404255319148936,0.6595744680851063,0.0
84,attackontitan,0.38405797101449274,0.6028985507246377,0.013043478260869565
85,attackontitanjuniorhigh,0.20754716981132076,0.7421383647798742,0.050314465408805034
86,attackeryou,0.1875,0.7708333333333334,0.041666666666666664
87,aurabattlerdunbine,0.5227272727272727,0.4696969696969697,0.007575757575757576
88,avenger,0.42857142857142855,0.47619047619047616,0.09523809523809523
89,ayakashiayashi,0.375,0.6071428571428571,0.017857142857142856
90,ayakashisamuraihorrortales,0.24,0.736,0.024
91,azumangadaioh,0.15762925598991173,0.8247162673392182,0.017654476670870115
92,azurlane,0.26277372262773724,0.7372262773722628,0.0
93,bdamancrossfire,0.32608695652173914,0.5869565217391305,0.08695652173913043
94,beck,0.13768115942028986,0.8405797101449275,0.021739130434782608
95,bgatahkei,0.2331288343558282,0.7300613496932515,0.03680981595092025
96,bnabrandnewanimal,0.2714285714285714,0.65,0.07857142857142857
97,bproject,0.2962962962962963,0.7037037037037037,0.0
98,bthebeginning,0.27472527472527475,0.7142857142857143,0.01098901098901099
99,babelii,0.9,0.1,0.0
100,babyfelixandfriends,0.5833333333333334,0.4166666666666667,0.0
101,babysteps,0.44,0.56,0.0
102,baccano,0.21951219512195122,0.7749445676274944,0.005543237250554324
103,backarrow,0.5789473684210527,0.42105263157894735,0.0
104,backstreetgirls,0.16,0.8,0.04
105,backflip,0.4,0.6,0.0
106,bakaandtestsummonthebeasts,0.19863013698630136,0.7876712328767124,0.0136986301369863
107,bakemonogatari,0.21318681318681318,0.778021978021978,0.008791208791208791
108,bakithegrappler,0.32547169811320753,0.6556603773584906,0.018867924528301886
109,bakuencampusguardress,0.625,0.375,0.0
110,bakugan,0.4098360655737705,0.5683060109289617,0.02185792349726776
111,bakuganbattleplanet,0.4939759036144578,0.4578313253012048,0.04819277108433735
112,bakuman,0.11793611793611794,0.8746928746928747,0.007371007371007371
113,bakuon,0.4,0.6,0.0
114,bakusoukyoudailetsandgo,0.27835051546391754,0.6494845360824743,0.07216494845360824
115,bakutenshootbeyblade,0.3853503184713376,0.5955414012738853,0.01910828025477707
116,balladofashinigami,0.36363636363636365,0.6363636363636364,0.0
117,bambooblade,0.21568627450980393,0.7450980392156863,0.0392156862745098
118,bananafish,0.41818181818181815,0.5818181818181818,0.0
119,bananya,0.2777777777777778,0.6944444444444444,0.027777777777777776
120,bangdream,0.17518248175182483,0.8175182481751825,0.0072992700729927005
121,bannertail,0.125,0.8125,0.0625
122,bartender,0.14102564102564102,0.8589743589743589,0.0
123,basilisk,0.334841628959276,0.6561085972850679,0.00904977375565611
124,basilisktheoukaninjascrolls,0.3287671232876712,0.6575342465753424,0.0136986301369863
125,basquash,0.29743589743589743,0.7025641025641025,0.0
126,bastard1988,0.8,0.2,0.0
127,battleathletes,0.2709677419354839,0.6838709677419355,0.04516129032258064
128,battlebdaman,0.29473684210526313,0.6736842105263158,0.031578947368421054
129,battlegirlstimeparadox,0.3014705882352941,0.6764705882352942,0.022058823529411766
130,battleoftheplanets,0.5128205128205128,0.46153846153846156,0.02564102564102564
131,battleprogrammershirase,0.41935483870967744,0.5806451612903226,0.0
132,battlespiritsheroes,0.1568627450980392,0.8235294117647058,0.0196078431372549
133,battlespiritssaikyogingaultimatezero,0.3023255813953488,0.6744186046511628,0.023255813953488372
134,battlespiritsshonengekihadan,0.36363636363636365,0.6303030303030303,0.006060606060606061
135,battlespiritsshonentoppabashin,0.25742574257425743,0.7277227722772277,0.01485148514851485
136,battlespiritsswordeyes,0.38666666666666666,0.6133333333333333,0.0
137,beastsaga,0.3125,0.5625,0.125
138,beastwarsii,0.4818181818181818,0.4909090909090909,0.02727272727272727
139,beastwarsneo,0.5777777777777777,0.3111111111111111,0.1111111111111111
140,beastars,0.16201117318435754,0.7653631284916201,0.07262569832402235
141,beelzebub,0.39855072463768115,0.5869565217391305,0.014492753623188406
142,belleandsebastian,0.2727272727272727,0.7272727272727273,0.0
143,bento,0.18562874251497005,0.7964071856287425,0.017964071856287425
144,berserk,0.4340557275541796,0.5529411764705883,0.013003095975232198
145,berserk1997,0.2641509433962264,0.7169811320754716,0.018867924528301886
146,berserk2016,0.36607142857142855,0.6160714285714286,0.017857142857142856
147,beststudentcouncil,0.2716049382716049,0.7160493827160493,0.012345679012345678
148,betrayalknowsmyname,0.25217391304347825,0.7478260869565218,0.0
149,betterman,0.363013698630137,0.636986301369863,0.0
150,beybladeburst,0.323943661971831,0.647887323943662,0.028169014084507043
151,beyondtheboundary,0.3333333333333333,0.6601307189542484,0.006535947712418301
152,bigwindup,0.17587939698492464,0.7587939698492462,0.06532663316582915
153,bikiniwarriors,0.34523809523809523,0.6309523809523809,0.023809523809523808
154,binboushimaimonogatari,0.23076923076923078,0.7692307692307693,0.0
155,binchoutan,0.47368421052631576,0.5263157894736842,0.0
156,birdythemighty,0.30526315789473685,0.6868421052631579,0.007894736842105263
157,blackbloodbrothers,0.47191011235955055,0.5168539325842697,0.011235955056179775
158,blackbullet,0.31004366812227074,0.6855895196506551,0.004366812227074236
159,blackbutler,0.2691292875989446,0.7150395778364116,0.0158311345646438
160,blackcat,0.3720430107526882,0.6236559139784946,0.004301075268817204
161,blackclover,0.4877384196185286,0.502724795640327,0.009536784741144414
162,blackgod,0.6470588235294118,0.35294117647058826,0.0
163,blackjack,0.2193211488250653,0.7650130548302873,0.015665796344647518
164,blacklagoon,0.2551594746716698,0.7279549718574109,0.016885553470919325
165,blackrockshooter,0.36823104693140796,0.6209386281588448,0.010830324909747292
166,bladeandsoul,0.23880597014925373,0.7611940298507462,0.0
167,bladeoftheimmortal,0.2975778546712803,0.6920415224913494,0.010380622837370242
168,blassreiter,0.42063492063492064,0.5555555555555556,0.023809523809523808
169,blastoftempest,0.5,0.5,0.0
170,blazbluealtermemory,0.26785714285714285,0.7321428571428571,0.0
171,bleach,0.4278907242693774,0.5609911054637865,0.011118170266836086
172,blends,0.2251655629139073,0.7483443708609272,0.026490066225165563
173,bloodblockadebattlefront,0.24848484848484848,0.7333333333333333,0.01818181818181818
174,bloodc,0.2663755458515284,0.7248908296943232,0.008733624454148471
175,bloodplus,0.39801980198019804,0.5861386138613861,0.015841584158415842
176,bloodreigncurseoftheyoma,0.33962264150943394,0.660377358490566,0.0
177,bludgeoningangeldokurochan,0.26973684210526316,0.7302631578947368,0.0
178,bluecometsptlayzner,0.41899441340782123,0.5754189944134078,0.00558659217877095
179,bluedrop,0.4125,0.5625,0.025
180,blueexorcist,0.35668789808917195,0.6305732484076433,0.012738853503184714
181,bluegender,0.39751552795031053,0.5900621118012422,0.012422360248447204
182,blueseed,0.32432432432432434,0.6594594594594595,0.016216216216216217
183,bluesubmarineno6,0.37662337662337664,0.6103896103896104,0.012987012987012988
184,bobobobobobobo,0.22133333333333333,0.7466666666666667,0.032
185,bodaciousspacepirates,0.3722943722943723,0.6233766233766234,0.004329004329004329
186,bokurano,0.3061797752808989,0.6741573033707865,0.019662921348314606
187,bombermanbdamanbakugaiden,0.3157894736842105,0.6842105263157895,0.0
188,bombermanjetters,0.29906542056074764,0.6728971962616822,0.028037383177570093
189,boogiepopphantom,0.3,0.68,0.02
190,bookofbantorra,0.4166666666666667,0.5833333333333334,0.0
191,boruto,0.29974811083123426,0.6775818639798489,0.022670025188916875
192,bottlefairy,0.325,0.625,0.05
193,boysbe,0.1724137931034483,0.7931034482758621,0.034482758620689655
194,boysoverflowers,0.0970464135021097,0.869198312236287,0.03375527426160337
195,braiger,0.5277777777777778,0.4722222222222222,0.0
196,brainpowerd,0.4594594594594595,0.5405405405405406,0.0
197,bravebeats,0.2926829268292683,0.6829268292682927,0.024390243902439025
198,bravecommanddagwon,0.6129032258064516,0.3870967741935484,0.0
199,braveexkaiser,0.4765625,0.5,0.0234375
200,bravepolicejdecker,0.4166666666666667,0.5625,0.020833333333333332
201,brigadoonmarinandmelan,0.29977628635346754,0.6778523489932886,0.02237136465324385
202,brokenblade,0.7,0.3,0.0
203,btx,0.52046783625731,0.4619883040935672,0.017543859649122806
204,bubblegumcrisis,0.40707964601769914,0.584070796460177,0.008849557522123894
205,bubukiburanki,0.3584905660377358,0.6226415094339622,0.018867924528301886
206,buddycomplex,0.4943820224719101,0.5056179775280899,0.0
207,bungostraydogs,0.4316546762589928,0.5539568345323741,0.014388489208633094
208,bunnydrop,0.17592592592592593,0.8148148148148148,0.009259259259259259
209,burstangel,0.27835051546391754,0.6958762886597938,0.02577319587628866
210,busorenkin,0.4691689008042895,0.5201072386058981,0.010723860589812333
211,busoushinki,0.3557692307692308,0.6346153846153846,0.009615384615384616
212,buttdetective,0.17647058823529413,0.7058823529411765,0.11764705882352941
213,ccontrol,0.31140350877192985,0.6710526315789473,0.017543859649122806
214,clampschooldetectives,0.2857142857142857,0.7142857142857143,0.0
215,campione,0.4204081632653061,0.5673469387755102,0.012244897959183673
216,canaan,0.24186046511627907,0.7534883720930232,0.004651162790697674
217,candyboy,0.22535211267605634,0.7605633802816901,0.014084507042253521
218,candycandy,0.18518518518518517,0.7407407407407407,0.07407407407407407
219,captainharlock,0.3957597173144876,0.5971731448763251,0.007067137809187279
220,captaintsubasa,0.23423423423423423,0.7447447447447447,0.021021021021021023
221,cardcaptorsakura,0.2919847328244275,0.6889312977099237,0.019083969465648856
222,cardcaptorsakuraclearcard,0.23529411764705882,0.7254901960784313,0.0392156862745098
223,cardfightvanguard,0.30183727034120733,0.6797900262467191,0.01837270341207349
224,cardfightvanguardg,0.34210526315789475,0.631578947368421,0.02631578947368421
225,cardfightvanguardoverdress,0.23333333333333334,0.7333333333333333,0.03333333333333333
226,cardfightvanguardvseries,0.3557692307692308,0.6346153846153846,0.009615384615384616
227,carnivalphantasm,0.17302798982188294,0.8040712468193384,0.022900763358778626
228,caroleandtuesday,0.168,0.792,0.04
229,carriedbythewindtsukikageran,0.25742574257425743,0.7227722772277227,0.019801980198019802
230,caseclosed,0.24955752212389382,0.7336283185840708,0.016814159292035398
231,casshernsins,0.3624161073825503,0.6375838926174496,0.0
232,castletowndandelion,0.39705882352941174,0.6029411764705882,0.0
233,catgod,0.40540540540540543,0.5945945945945946,0.0
234,catplanetcuties,0.4146341463414634,0.5853658536585366,0.0
235,catseye,0.38028169014084506,0.6056338028169014,0.014084507042253521
236,celestialmethod,0.21428571428571427,0.75,0.03571428571428571
237,cellsatwork,0.3128654970760234,0.6695906432748538,0.017543859649122806
238,cerescelestiallegend,0.35353535353535354,0.6464646464646465,0.0
239,chancepopsession,0.13953488372093023,0.8604651162790697,0.0
240,chaoshead,0.6923076923076923,0.3076923076923077,0.0
241,chargemanken,0.375,0.578125,0.046875
242,chargergirl,0.3333333333333333,0.6666666666666666,0.0
243,charlotte,0.23529411764705882,0.7411764705882353,0.023529411764705882
244,cheekyangel,0.4186046511627907,0.5581395348837209,0.023255813953488372
245,chibidevi,0.6666666666666666,0.3333333333333333,0.0
246,chibimarukochan,0.23333333333333334,0.7333333333333333,0.03333333333333333
247,chihayafuru,0.203125,0.7578125,0.0390625
248,chiisanakyojinmicroman,0.8,0.1,0.1
249,chinpui,0.75,0.25,0.0
250,chinyukitarotoyukainanakamatachi,0.19047619047619047,0.7142857142857143,0.09523809523809523
251,chissweethome,0.16326530612244897,0.7142857142857143,0.12244897959183673
252,chitosegetyou,0.6666666666666666,0.3333333333333333,0.0
253,chobits,0.2620967741935484,0.7258064516129032,0.012096774193548387
254,chocottosister,0.1388888888888889,0.8611111111111112,0.0
255,choukuseninarisou,0.34782608695652173,0.6086956521739131,0.043478260869565216
256,chromeshelledregios,0.5074626865671642,0.47761194029850745,0.014925373134328358
257,chronocrusade,0.3491773308957952,0.6380255941499086,0.012797074954296161
258,chuukaichiban,0.26666666666666666,0.7333333333333333,0.0
259,cityhunter,0.2816326530612245,0.7020408163265306,0.0163265306122449
260,classicaloid,0.23809523809523808,0.6547619047619048,0.10714285714285714
261,claymore,0.4711864406779661,0.519774011299435,0.00903954802259887
262,clockworkplanet,0.3472222222222222,0.625,0.027777777777777776
263,codebreaker,0.5614035087719298,0.43859649122807015,0.0
264,codegeass,0.32598558711318354,0.665536244171259,0.00847816871555744
265,coffinprincesschaika,0.75,0.25,0.0
266,cojicoji,0.8,0.0,0.2
267,combattlerv,0.5555555555555556,0.4148148148148148,0.02962962962962963
268,cometlucifer,0.3116883116883117,0.6753246753246753,0.012987012987012988
269,comicgirls,0.24444444444444444,0.7555555555555555,0.0
270,concreterevolutiochoujingensou,0.4470588235294118,0.5529411764705883,0.0
271,coppelion,0.6666666666666666,0.3333333333333333,0.0
272,corpseprincess,0.4435483870967742,0.5564516129032258,0.0
273,correctoryui,0.48905109489051096,0.5036496350364964,0.0072992700729927005
274,cosprayers,0.5,0.4782608695652174,0.021739130434782608
275,cosplaycomplex,0.4166666666666667,0.5833333333333334,0.0
276,cowboybebop,0.283271375464684,0.7063197026022305,0.010408921933085501
277,coyoteragtimeshow,0.28431372549019607,0.7058823529411765,0.00980392156862745
278,crayonshinchan,0.10817941952506596,0.8786279683377308,0.013192612137203167
279,crestofthestars,0.5979381443298969,0.4020618556701031,0.0
280,croiseeinaforeignlabyrinth,0.375,0.5625,0.0625
281,cromartiehighschool,0.1643192488262911,0.8262910798122066,0.009389671361502348
282,crossange,0.33212341197822143,0.6606170598911071,0.007259528130671506
283,crossgame,0.2413793103448276,0.7241379310344828,0.034482758620689655
284,crushgearturbo,0.40298507462686567,0.5671641791044776,0.029850746268656716
285,cryingfreeman,0.42424242424242425,0.5757575757575758,0.0
286,cubexcursedxcurious,0.6,0.35,0.05
287,cutehighearthdefenseclubhappykiss,0.4666666666666667,0.5333333333333333,0.0
288,cutehighearthdefenseclublove,0.3436123348017621,0.6387665198237885,0.01762114537444934
289,cuteyhoney,0.3526570048309179,0.6280193236714976,0.01932367149758454
290,cybercityoedo808,0.3522727272727273,0.6363636363636364,0.011363636363636364
291,cyberteaminakihabara,0.3333333333333333,0.6481481481481481,0.018518518518518517
292,cyborg009,0.3569682151589242,0.6161369193154034,0.02689486552567237
293,cyborg009vsdevilman,0.43103448275862066,0.5172413793103449,0.05172413793103448
294,cyborgkurochan,0.2903225806451613,0.6935483870967742,0.016129032258064516
295,d4princess,0.8181818181818182,0.09090909090909091,0.09090909090909091
296,days,0.375,0.5625,0.0625
297,ddfistofthenorthstar,0.19318181818181818,0.7840909090909091,0.022727272727272728
298,dgrayman,0.3756218905472637,0.6181592039800995,0.006218905472636816
299,dice2005,0.45454545454545453,0.42424242424242425,0.12121212121212122
300,dna2,0.25882352941176473,0.7294117647058823,0.011764705882352941
301,dnangel,0.23790322580645162,0.7379032258064516,0.024193548387096774
302,dagashikashi,0.35714285714285715,0.6428571428571429,0.0
303,daiguard,0.39814814814814814,0.5925925925925926,0.009259259259259259
304,daigunder,0.5,0.375,0.125
305,dailylivesofhighschoolboys,0.15436241610738255,0.7953020134228188,0.050335570469798654
306,daimidalerthesoundrobot,1.0,0.0,0.0
307,daimos,0.510752688172043,0.4731182795698925,0.016129032258064516
308,dairuggerxv,0.6229508196721312,0.36065573770491804,0.01639344262295082
309,daisukibubuchacha,0.24,0.68,0.08
310,daitarn3,0.5,0.4765625,0.0234375
311,damekkodoubutsu,0.42857142857142855,0.5714285714285714,0.0
312,danceinthevampirebund,0.3333333333333333,0.6512345679012346,0.015432098765432098
313,dancewithdevils,0.16417910447761194,0.8208955223880597,0.014925373134328358
314,dancougar,0.552,0.368,0.08
315,dancougarnova,0.3352601156069364,0.653179190751445,0.011560693641618497
316,dangaioh,0.35185185185185186,0.6481481481481481,0.0
317,danganronpa3theendofhopespeakhighschool,0.2086021505376344,0.7763440860215054,0.015053763440860216
318,daphneinthebrilliantblue,0.31,0.64,0.05
319,darkerthanblack,0.45202952029520294,0.5387453874538746,0.00922509225092251
320,darlinginthefranxx,0.3626760563380282,0.6373239436619719,0.0
321,dashkappei,0.3333333333333333,0.6666666666666666,0.0
322,dashyonkuro,0.5,0.5,0.0
323,datealive,0.37592592592592594,0.6166666666666667,0.007407407407407408
324,daybreakillusion,0.44571428571428573,0.5485714285714286,0.005714285714285714
325,dazzle,0.39285714285714285,0.6071428571428571,0.0
326,deadmanwonderland,0.2975391498881432,0.6890380313199105,0.013422818791946308
327,dearbrother,0.23423423423423423,0.7387387387387387,0.02702702702702703
328,dears,0.24725274725274726,0.7362637362637363,0.016483516483516484
329,deathmarchtotheparallelworldrhapsody,0.6363636363636364,0.3181818181818182,0.045454545454545456
330,deathnote,0.24835526315789475,0.7413651315789473,0.010279605263157895
331,deathparade,0.2,0.7878787878787878,0.012121212121212121
332,dekobokofriends,0.11538461538461539,0.7692307692307693,0.11538461538461539
333,deliciouspartyprettycure,0.7142857142857143,0.2857142857142857,0.0
334,deltoraquest,0.28846153846153844,0.6923076923076923,0.019230769230769232
335,demonkingdaimao,0.5675675675675675,0.40540540540540543,0.02702702702702703
336,demonlorddante,0.75,0.25,0.0
337,demonslayerkimetsunoyaiba,0.3288364249578415,0.6627318718381113,0.008431703204047217
338,dennohcoil,0.35233160621761656,0.616580310880829,0.031088082901554404
339,descendantsofdarkness,0.453781512605042,0.5378151260504201,0.008403361344537815
340,desertpunk,0.3333333333333333,0.6595744680851063,0.0070921985815602835
341,destinyoftheshrinemaiden,0.31759656652360513,0.6652360515021459,0.017167381974248927
342,detectiveschoolq,0.2777777777777778,0.6888888888888889,0.03333333333333333
343,detonatororgun,0.5263157894736842,0.47368421052631576,0.0
344,devilhunteryohko,0.39814814814814814,0.5925925925925926,0.009259259259259259
345,devilmaycrytheanimatedseries,0.3825503355704698,0.6040268456375839,0.013422818791946308
346,devilsurvivor2theanimation,0.24806201550387597,0.7286821705426356,0.023255813953488372
347,devilman,0.4794520547945205,0.502283105022831,0.0182648401826484
348,devilmancrybaby,0.25559105431309903,0.7380191693290735,0.006389776357827476
349,devilmanlady,0.5081967213114754,0.47540983606557374,0.01639344262295082
350,devilsline,0.41379310344827586,0.5862068965517241,0.0
351,digicharat,0.23931623931623933,0.7606837606837606,0.0
352,diamonddaydreams,0.16981132075471697,0.8301886792452831,0.0
353,diaryofourdaysatthebreakwater,0.35,0.65,0.0
354,diebuster,0.3772455089820359,0.6167664670658682,0.005988023952095809
355,digimonadventure,0.3823805060918463,0.5876288659793815,0.02999062792877226
356,digimonadventure02,0.3873659117997616,0.5983313468414779,0.014302741358760428
357,digimonadventure2020,0.5144508670520231,0.4508670520231214,0.03468208092485549
358,digimondatasquad,0.4397590361445783,0.536144578313253,0.024096385542168676
359,digimonfrontier,0.505443234836703,0.47433903576982894,0.02021772939346812
360,digimonfusion,0.4627151051625239,0.5181644359464627,0.019120458891013385
361,digimonghostgame,0.4909090909090909,0.4727272727272727,0.03636363636363636
362,digimontamers,0.40372670807453415,0.5734989648033126,0.022774327122153208
363,digimonuniverseappmonsters,0.4008438818565401,0.5780590717299579,0.02109704641350211
364,digimonxroswarstheyounghunterswholeaptthroughtime,0.4246575342465753,0.541095890410959,0.03424657534246575
365,dimensionw,0.4230769230769231,0.5769230769230769,0.0
366,dinozaurs,0.35135135135135137,0.6081081081081081,0.04054054054054054
367,dinosaurking,0.3445378151260504,0.5630252100840336,0.09243697478991597
368,dirtypair,0.3108108108108108,0.6737451737451737,0.015444015444015444
369,divergenceeve,0.4520547945205479,0.547945205479452,0.0
370,doctorslump,0.25675675675675674,0.7162162162162162,0.02702702702702703
371,dogandscissors,0.5,0.4166666666666667,0.08333333333333333
372,dogdays,0.3882978723404255,0.5930851063829787,0.018617021276595744
373,dokidokiprecure,0.3465045592705167,0.6352583586626139,0.0182370820668693
374,dokidokischoolhours,0.3380281690140845,0.6338028169014085,0.028169014084507043
375,dokkoida,0.5416666666666666,0.4583333333333333,0.0
376,domesticgirlfriend,0.20588235294117646,0.7867647058823529,0.007352941176470588
377,dominiontankpolice,0.3401015228426396,0.6446700507614214,0.015228426395939087
378,domotv,0.07142857142857142,0.8571428571428571,0.07142857142857142
379,dorohedoro,0.3773006134969325,0.6042944785276073,0.018404907975460124
380,dororo,0.5777777777777777,0.4222222222222222,0.0
381,dororo2019,0.32,0.68,0.0
382,dororonenmakun,0.5,0.5,0.0
383,dothacksign,0.2909090909090909,0.6909090909090909,0.01818181818181818
384,dottokonichan,0.19402985074626866,0.7761194029850746,0.029850746268656716
385,doublej,0.75,0.25,0.0
386,doujinwork,0.38461538461538464,0.6153846153846154,0.0
387,drstone,0.24493554327808473,0.7348066298342542,0.020257826887661142
388,dragonball,0.366751269035533,0.608502538071066,0.024746192893401017
389,dragonballgt,0.4182692307692308,0.5673076923076923,0.014423076923076924
390,dragonballsuper,0.4340753424657534,0.550513698630137,0.015410958904109588
391,dragonballz,0.41016109045848825,0.5733168112350269,0.016522098306484923
392,dragonballzkai,0.2995391705069124,0.6820276497695853,0.018433179723502304
393,dragoncrisis,0.4666666666666667,0.5333333333333333,0.0
394,dragondrive,0.3548387096774194,0.6451612903225806,0.0
395,dragonhalf,0.3422818791946309,0.6375838926174496,0.020134228187919462
396,dragonpilothisoneandmasotan,0.273972602739726,0.6986301369863014,0.0273972602739726
397,dragonquestlegendoftheheroabel,0.358974358974359,0.6153846153846154,0.02564102564102564
398,dragonquesttheadventureofdai,0.3125,0.6625,0.025
399,dragonaracademy,0.6666666666666666,0.3333333333333333,0.0
400,dragonauttheresonance,0.30864197530864196,0.691358024691358,0.0
401,dreameatermerry,0.2619047619047619,0.7321428571428571,0.005952380952380952
402,dreamstarbuttonnose,0.35714285714285715,0.42857142857142855,0.21428571428571427
403,drifters,0.20149253731343283,0.7089552238805971,0.08955223880597014
404,dropkickonmydevil,0.36,0.6,0.04
405,drugstoreinanotherworld,0.75,0.125,0.125
406,dualparalleltroubleadventure,0.44339622641509435,0.5471698113207547,0.009433962264150943
407,duelmasters,0.25170068027210885,0.7210884353741497,0.027210884353741496
408,durarara,0.22188449848024316,0.7644376899696048,0.013677811550151976
409,duskmaidenofamnesia,0.5757575757575758,0.3939393939393939,0.030303030303030304
410,eagleriders,0.3181818181818182,0.6818181818181818,0.0
411,earlandfairy,0.875,0.125,0.0
412,earthmaidenarjuna,0.4805194805194805,0.5064935064935064,0.012987012987012988
413,eatman,0.6,0.4,0.0
414,ebiten,0.8,0.2,0.0
415,eden,0.75,0.25,0.0
416,edenoftheeast,0.20634920634920634,0.783068783068783,0.010582010582010581
417,eighthman,0.4090909090909091,0.5681818181818182,0.022727272727272728
418,elcazadordelabruja,0.2974137931034483,0.6896551724137931,0.01293103448275862
419,eldlive,0.75,0.25,0.0
420,elhazardthemagnificentworld,0.3170103092783505,0.6675257731958762,0.015463917525773196
421,elegantyokaiapartmentlife,0.6363636363636364,0.2727272727272727,0.09090909090909091
422,elementhunters,0.23404255319148937,0.6170212765957447,0.14893617021276595
423,elementalgelade,0.375,0.625,0.0
424,elfenlied,0.28808446455505277,0.6968325791855203,0.015082956259426848
425,emmaavictorianromance,0.2807017543859649,0.7192982456140351,0.0
426,endride,0.3271604938271605,0.6604938271604939,0.012345679012345678
427,engagedtotheunidentified,0.4,0.6,0.0
428,ergoproxy,0.2867132867132867,0.6923076923076923,0.02097902097902098
429,esotherwise,0.1836734693877551,0.8163265306122449,0.0
430,espermami,0.2903225806451613,0.6774193548387096,0.03225806451612903
431,eternalalice,0.5,0.5,0.0
432,etotama,0.22666666666666666,0.76,0.013333333333333334
433,eurekaseven,0.32761904761904764,0.6628571428571428,0.009523809523809525
434,eurekasevenao,0.3713355048859935,0.6188925081433225,0.009771986970684038
435,exarm,0.5333333333333333,0.4,0.06666666666666667
436,excelsaga,0.21300138312586445,0.7717842323651453,0.015214384508990318
437,eyeshield21,0.2127659574468085,0.7646276595744681,0.022606382978723406
438,f,0.5,0.4,0.1
439,flcl,0.23717948717948717,0.7542735042735043,0.008547008547008548
440,flclprogressiveandalternative,0.17557251908396945,0.8091603053435115,0.015267175572519083
441,fafnerintheazuredeadaggressor,0.4161073825503356,0.5838926174496645,0.0
442,fairygone,0.7105263157894737,0.2894736842105263,0.0
443,fairymusketeers,0.4177215189873418,0.5822784810126582,0.0
444,fairyranmaru,0.4,0.5777777777777777,0.022222222222222223
445,fairytail,0.4330835117773019,0.5519271948608137,0.014989293361884369
446,fairytailzero,0.7,0.3,0.0
447,fangofthesundougram,0.4946236559139785,0.4838709677419355,0.021505376344086023
448,fantasistadoll,0.35294117647058826,0.6470588235294118,0.0
449,fantasticchildren,0.35185185185185186,0.6296296296296297,0.018518518518518517
450,farewellmydearcramer,0.7777777777777778,0.2222222222222222,0.0
451,fateapocrypha,0.4682926829268293,0.5073170731707317,0.024390243902439025
452,fateextralastencore,0.330188679245283,0.660377358490566,0.009433962264150943
453,fategrandorderabsolutedemonicfrontbabylonia,0.41397849462365593,0.553763440860215,0.03225806451612903
454,fatekaleidlinerprismaillya,0.4939759036144578,0.5060240963855421,0.0
455,fatestaynightunlimitedbladeworks,0.3303834808259587,0.6607669616519174,0.008849557522123894
456,fatezero,0.41273584905660377,0.5801886792452831,0.007075471698113208
457,fightingfoodons,0.36046511627906974,0.6162790697674418,0.023255813953488372
458,figure17tsubasaandhikaru,0.3956043956043956,0.5714285714285714,0.03296703296703297
459,finalfantasyunlimited,0.31351351351351353,0.6756756756756757,0.010810810810810811
460,fireforce,0.40942028985507245,0.5760869565217391,0.014492753623188406
461,fireball,0.2777777777777778,0.7,0.022222222222222223
462,firstlovemonster,0.8,0.2,0.0
463,fistofthebluesky,0.35294117647058826,0.6470588235294118,0.0
464,fistofthenorthstar,0.4249699879951981,0.56062424969988,0.014405762304921969
465,flag,0.4,0.6,0.0
466,flameofrecca,0.5,0.46825396825396826,0.031746031746031744
467,flintthetimedetective,0.39166666666666666,0.575,0.03333333333333333
468,flipflappers,0.3744292237442922,0.6073059360730594,0.0182648401826484
469,floralmagicianmarybell,0.625,0.375,0.0
470,flyinghouse,0.20512820512820512,0.6923076923076923,0.10256410256410256
471,foodwars,0.18093699515347333,0.7932148626817448,0.025848142164781908
472,fractale,0.2151394422310757,0.7689243027888446,0.01593625498007968
473,framearmsgirls,0.29508196721311475,0.6721311475409836,0.03278688524590164
474,free,0.15355805243445692,0.8352059925093633,0.011235955056179775
475,freezing,0.42857142857142855,0.5714285714285714,0.0
476,freshprettycure,0.36789297658862874,0.6153846153846154,0.016722408026755852
477,fromthenewworld,0.7272727272727273,0.2727272727272727,0.0
478,fruitsbasket,0.16262975778546712,0.8143021914648212,0.02306805074971165
479,fullmetalpanic,0.25878594249201275,0.7337593184238551,0.007454739084132056
480,fullmetalpanicfumoffu,0.2012987012987013,0.7857142857142857,0.012987012987012988
481,fullmoon,0.264,0.728,0.008
482,fullmetalalchemist,0.3460150869137422,0.6474253853722532,0.0065595277140045915
483,fushigiyuugi,0.3098995695839311,0.672883787661406,0.01721664275466284
484,futakoi,0.21212121212121213,0.7575757575757576,0.030303030303030304
485,futakoialternative,0.2222222222222222,0.7222222222222222,0.05555555555555555
486,futariecchi,0.2878787878787879,0.696969696969697,0.015151515151515152
487,futariwaprettycure,0.3646723646723647,0.6182336182336182,0.017094017094017096
488,futariwaprettycuresplashstar,0.4532710280373832,0.5327102803738317,0.014018691588785047
489,futureboyconan,0.4025974025974026,0.5714285714285714,0.025974025974025976
490,futurecardbuddyfight,0.4770992366412214,0.49236641221374045,0.030534351145038167
491,futurediary,0.3289902280130293,0.6644951140065146,0.006514657980456026
492,futuregpxcyberformula,0.2518796992481203,0.7255639097744361,0.022556390977443608
493,futurepoliceurashiman,0.4090909090909091,0.5909090909090909,0.0
494,gageijutsukaartdesignclass,0.30666666666666664,0.6666666666666666,0.02666666666666667
495,garocrimsonmoon,0.40816326530612246,0.5714285714285714,0.02040816326530612
496,garovanishingline,0.34615384615384615,0.6538461538461539,0.0
497,gearfighterdendoh,0.524390243902439,0.47560975609756095,0.0
498,gforceguardiansofspace,0.3076923076923077,0.6538461538461539,0.038461538461538464
499,gonriders,0.38095238095238093,0.6190476190476191,0.0
500,gareizero,0.35269709543568467,0.6473029045643154,0.0
501,gadguard,0.36363636363636365,0.6363636363636364,0.0
502,gaiking,0.58,0.42,0.0
503,gaikinglegendofdaikumaryu,0.5238095238095238,0.46938775510204084,0.006802721088435374
504,gakuenalice,0.3157894736842105,0.6526315789473685,0.031578947368421054
505,galacticwhirlwindsasuraiger,0.5555555555555556,0.4444444444444444,0.0
506,galaxyangel,0.2857142857142857,0.7032967032967034,0.01098901098901099
507,galaxyangelrune,0.2413793103448276,0.7586206896551724,0.0
508,galaxyexpress999,0.441340782122905,0.553072625698324,0.00558659217877095
509,galleryfake,0.15151515151515152,0.8181818181818182,0.030303030303030304
510,ganbarekickers,0.5714285714285714,0.42857142857142855,0.0
511,gankutsuou,0.22549019607843138,0.7679738562091504,0.006535947712418301
512,gantz,0.37967914438502676,0.5828877005347594,0.0374331550802139
513,gaogaigar,0.5544147843942505,0.433264887063655,0.012320328542094456
514,gargantiaontheverdurousplanet,0.401840490797546,0.588957055214724,0.009202453987730062
515,gargoyleoftheyoshinagas,0.36363636363636365,0.6363636363636364,0.0
516,garotheanimation,0.37254901960784315,0.6078431372549019,0.0196078431372549
517,garzeyswing,0.36538461538461536,0.5576923076923077,0.07692307692307693
518,gasaraki,0.4375,0.5625,0.0
519,gatchamancrowds,0.2867647058823529,0.7132352941176471,0.0
520,gatekeepers21,0.35714285714285715,0.6428571428571429,0.0
521,gegegenokitaro,0.4375,0.525,0.0375
522,gekiganger3,0.4880952380952381,0.4642857142857143,0.047619047619047616
523,generatorgawl,0.5277777777777778,0.4722222222222222,0.0
524,geneshaft,0.391304347826087,0.6086956521739131,0.0
525,genesisclimbermospeada,0.4759036144578313,0.5180722891566265,0.006024096385542169
526,genesisofaquarion,0.38910505836575876,0.603112840466926,0.007782101167315175
527,genjimonogatarisennenki,0.2857142857142857,0.6938775510204082,0.02040816326530612
528,genkibakuhatsuganbaruger,0.7647058823529411,0.17647058823529413,0.058823529411764705
529,genmawars,0.28421052631578947,0.7052631578947368,0.010526315789473684
530,genocyber,0.36904761904761907,0.6190476190476191,0.011904761904761904
531,genshiken,0.2413793103448276,0.7528735632183908,0.005747126436781609
532,georgie,0.6,0.4,0.0
533,getbackers,0.3292307692307692,0.6676923076923077,0.003076923076923077
534,getsumentoheikimina,0.4857142857142857,0.5142857142857142,0.0
535,getterrobo,0.5401709401709401,0.441025641025641,0.018803418803418803
536,ghastlyprinceenmaburningup,0.3006535947712418,0.673202614379085,0.026143790849673203
537,ghosthound,0.3125,0.6875,0.0
538,ghosthunt,0.3235294117647059,0.6294117647058823,0.047058823529411764
539,ghostintheshellstandalonecomplex,0.33460076045627374,0.6596958174904943,0.005703422053231939
540,ghoststories,0.17446808510638298,0.7829787234042553,0.0425531914893617
541,ghostsweepermikami,0.34375,0.625,0.03125
542,giantgorg,0.275,0.725,0.0
543,giantkilling,0.12244897959183673,0.8571428571428571,0.02040816326530612
544,giantrobo,0.5263157894736842,0.47368421052631576,0.0
545,giganticformula,0.6382978723404256,0.3617021276595745,0.0
546,gigantor,0.44594594594594594,0.527027027027027,0.02702702702702703
547,gilgamesh,0.30158730158730157,0.6984126984126984,0.0
548,ginbankaleidoscope,0.625,0.375,0.0
549,gingadensetsuweed,0.26174496644295303,0.7080536912751678,0.030201342281879196
550,gingaekickoff,0.2638888888888889,0.7083333333333334,0.027777777777777776
551,gingahyouryuuvifam,0.47058823529411764,0.5,0.029411764705882353
552,ginganagareboshigin,0.34069400630914826,0.6151419558359621,0.04416403785488959
553,gingasengokugunyuudenrai,0.6666666666666666,0.3333333333333333,0.0
554,gintama,0.24526198439241917,0.7369007803790413,0.017837235228539576
555,girlishnumber,0.875,0.125,0.0
556,girlsbravo,0.16095890410958905,0.8184931506849316,0.02054794520547945
557,girlslasttour,0.391304347826087,0.6086956521739131,0.0
558,girlsundpanzer,0.2065613608748481,0.7739975698663426,0.019441069258809233
559,given,0.5,0.5,0.0
560,glassfleet,0.25301204819277107,0.7469879518072289,0.0
561,glassmaiden,0.23529411764705882,0.7058823529411765,0.058823529411764705
562,glassmask,0.29310344827586204,0.6896551724137931,0.017241379310344827
563,glasslip,0.23684210526315788,0.7631578947368421,0.0
564,glitterforcedokidoki,0.3088235294117647,0.6691176470588235,0.022058823529411766
565,golion,0.5683060109289617,0.3879781420765027,0.04371584699453552
566,goprincessprettycure,0.3755656108597285,0.6063348416289592,0.01809954751131222
567,goshogun,0.44086021505376344,0.5483870967741935,0.010752688172043012
568,godeater,0.34210526315789475,0.6447368421052632,0.013157894736842105
569,godmars,0.6037735849056604,0.37735849056603776,0.018867924528301886
570,godmazinger,0.6551724137931034,0.2413793103448276,0.10344827586206896
571,godsigma,0.6153846153846154,0.38461538461538464,0.0
572,godannar,0.3696969696969697,0.6242424242424243,0.006060606060606061
573,godzillasingularpoint,0.4942528735632184,0.4367816091954023,0.06896551724137931
574,gokinjomonogatari,0.3684210526315789,0.631578947368421,0.0
575,gokumidnighteye,0.7272727272727273,0.2727272727272727,0.0
576,gokudo,0.32978723404255317,0.6595744680851063,0.010638297872340425
577,gokusen,0.29545454545454547,0.6818181818181818,0.022727272727272728
578,goldenboy,0.15432098765432098,0.8271604938271605,0.018518518518518517
579,goldfishwarning,0.3333333333333333,0.6666666666666666,0.0
580,goodluckgirl,0.1774193548387097,0.8024193548387096,0.020161290322580645
581,goodluckninomiyakun,0.2755905511811024,0.7244094488188977,0.0
582,gosick,0.29850746268656714,0.6865671641791045,0.014925373134328358
583,grandblue,0.2857142857142857,0.7142857142857143,0.0
584,grandermusashi,1.0,0.0,0.0
585,gravion,0.36923076923076925,0.6307692307692307,0.0
