i_doc,doc,Topic 1,Topic 2,Topic 3,Topic 4,Topic 5,Topic 6,Topic 7,Topic 8,Topic 9,Topic 10,Topic 11,Topic 12
0,doctorwho,0.17464114832535885,0.03087263613579403,0.10207336523125997,0.25256322624743677,0.06744133059922533,0.08771929824561403,0.13727500569605833,0.02175894281157439,0.048986101617680564,0.006949191159717476,0.022670312143996355,0.04704944178628389
1,thesimpsons,0.07659011662859204,0.010220031261272093,0.11626788505470723,0.3171816760851269,0.06913550559095828,0.08236142839966334,0.03378622099314657,0.10159913430323433,0.011302152218347962,0.004088012504508838,0.03222315738848142,0.14524467957196105
2,mylittleponyfriendshipismagic,0.10870937204165351,0.029189018617860524,0.12369832754812243,0.2574944777532345,0.027295676869674976,0.12085831492584412,0.053960239823288104,0.0777847901546229,0.07746923319659199,0.013253392237298833,0.04954244241085516,0.06074471442095298
3,buffythevampireslayer,0.21079740557039298,0.035482640213658906,0.12266310568485311,0.17512399847386495,0.08222052651659671,0.08813429988553988,0.07516215185043876,0.014689049980923312,0.0686760778328882,0.004578405188859214,0.04864555513162915,0.07382678367035482
4,futurama,0.08107507774322523,0.013771657041314972,0.12461128387383386,0.2816525988449578,0.04842292314526877,0.0904042647712128,0.13571745890715237,0.07130164371390493,0.020213238560639717,0.0019991115059973343,0.02665482007996446,0.10417592181252777
5,familyguy,0.0635411708710138,0.004521656354117087,0.14255116611137553,0.2686815801999048,0.0794859590671109,0.0794859590671109,0.029985721085197526,0.1099476439790576,0.007853403141361256,0.002379819133745835,0.03284150404569253,0.17872441694431224
6,naruto,0.2708955223880597,0.03805970149253731,0.12114427860696518,0.10522388059701493,0.023134328358208955,0.12213930348258706,0.045771144278606964,0.009701492537313432,0.17313432835820897,0.0052238805970149255,0.07288557213930348,0.012686567164179104
7,avatarthelastairbender,0.2034448327508737,0.06964553170244633,0.13130304543185223,0.18122815776335496,0.03320019970044932,0.11308037943085372,0.03394907638542187,0.02071892161757364,0.12855716425361957,0.003494757863205192,0.05217174238642037,0.029206190713929107
8,startrekthenextgeneration,0.14695247933884298,0.03383264462809917,0.10433884297520661,0.1872417355371901,0.0699896694214876,0.08445247933884298,0.21978305785123967,0.016012396694214875,0.02221074380165289,0.05630165289256198,0.017820247933884297,0.04106404958677686
9,supernatural,0.23471246422066094,0.04163413999479573,0.11189175123601353,0.1686182669789227,0.09731980223783503,0.07936507936507936,0.09523809523809523,0.015352589123080927,0.06713505074160812,0.0075461878740567265,0.026801977621649754,0.05438459536820193
10,southpark,0.09048913043478261,0.008967391304347826,0.13858695652173914,0.26657608695652174,0.057880434782608695,0.10244565217391305,0.041304347826086954,0.08695652173913043,0.014130434782608696,0.0038043478260869567,0.042663043478260866,0.14619565217391303
11,gameofthrones,0.29108796296296297,0.06741898148148148,0.15393518518518517,0.15162037037037038,0.07928240740740741,0.08130787037037036,0.03616898148148148,0.0014467592592592592,0.05613425925925926,0.00318287037037037,0.030960648148148147,0.047453703703703706
12,bleach,0.2617534942820839,0.0295425667090216,0.12738246505717915,0.0860864040660737,0.01207115628970775,0.11912325285895807,0.05082592121982211,0.005717916137229987,0.2042566709021601,0.0038119440914866584,0.09021601016518424,0.009212198221092757
13,startrekdeepspacenine,0.19955156950672645,0.04932735426008968,0.1213965406790519,0.16335682254964767,0.09385009609224856,0.07431133888532991,0.21268417680973734,0.011531069827033953,0.01729660474055093,0.0012812299807815502,0.01569506726457399,0.03971812940422806
14,fullmetalalchemist,0.2892751721876025,0.04362085929813053,0.1197113807805838,0.09740898655296819,0.03115775664152181,0.11052804198097738,0.05313217448343719,0.00754345687110528,0.11020006559527715,0.05706789111183995,0.06723515906854706,0.013119055428009183
15,startrekvoyager,0.13272010512483573,0.02890932982917214,0.09986859395532194,0.18988173455978974,0.0752299605781866,0.0831143232588699,0.22568988173455978,0.011826544021024968,0.019053876478318004,0.07161629434954007,0.02102496714848883,0.04106438896189225
16,startrektheoriginalseries,0.15533333333333332,0.032,0.09933333333333333,0.19366666666666665,0.06266666666666666,0.089,0.22066666666666668,0.008666666666666666,0.021666666666666667,0.065,0.020666666666666667,0.03133333333333333
17,stevenuniverse,0.13509843856076034,0.031568228105906315,0.13374066530889342,0.21181262729124237,0.025458248472505093,0.12253903598099117,0.08757637474541752,0.054989816700611,0.09368635437881874,0.003054989816700611,0.05431093007467753,0.0461642905634759
18,angel,0.26180257510729615,0.04256080114449213,0.12195994277539342,0.1301859799713877,0.09728183118741059,0.08834048640915594,0.09477825464949928,0.00894134477825465,0.06545064377682404,0.002145922746781116,0.024320457796852647,0.06223175965665236
19,stargatesg1,0.20539568345323742,0.04028776978417266,0.10323741007194244,0.14532374100719425,0.08633093525179857,0.0841726618705036,0.24964028776978417,0.007913669064748202,0.030575539568345324,0.0017985611510791368,0.013309352517985611,0.03201438848920863
20,babylonfive,0.2238517946738711,0.05827865688923196,0.09764569664222308,0.14511771516788885,0.08259359320725589,0.06715553840216133,0.2462369741412582,0.007333076032419915,0.023157082207641837,0.0019297568506368198,0.014280200694712466,0.032419915090698574
21,neongenesisevangelion,0.22588235294117648,0.03882352941176471,0.11764705882352941,0.12117647058823529,0.03058823529411765,0.10745098039215686,0.08588235294117647,0.0058823529411764705,0.07019607843137254,0.0796078431372549,0.09607843137254903,0.020784313725490194
22,deathnote,0.2660361842105263,0.013157894736842105,0.15049342105263158,0.09827302631578948,0.07195723684210527,0.09457236842105263,0.03125,0.007401315789473684,0.04358552631578947,0.1196546052631579,0.07730263157894737,0.02631578947368421
23,dragonballz,0.22841800908715407,0.02395704254440314,0.10863279636513837,0.12556794712928543,0.009913258983890954,0.157786038826931,0.09995869475423379,0.014456836018174308,0.1755472945064023,0.007021891780256092,0.0375877736472532,0.011152416356877323
24,phineasandferb,0.0427314620863008,0.005027230833682447,0.14746543778801843,0.2735651445328865,0.025136154168412233,0.1478843736908253,0.03602848764139087,0.1562630917469627,0.017595307917888565,0.0025136154168412233,0.042312526183493925,0.10347716799329702
25,codegeass,0.29631199660873253,0.07503179313268334,0.1331072488342518,0.058499364137346334,0.022467147096227214,0.10004239084357779,0.055955913522679104,0.001695633743111488,0.06740144128868164,0.08350996184824078,0.09665112335735482,0.009325985587113183
26,firefly,0.24029022620571916,0.029022620571916347,0.1310285958173282,0.1489543320529236,0.0874946649594537,0.07042253521126761,0.11224925309432351,0.0012804097311139564,0.009389671361502348,0.09389671361502347,0.03329065300896287,0.04268032437046521
27,sailormoon,0.1576017130620985,0.011991434689507495,0.12505353319057816,0.10963597430406852,0.026552462526766595,0.15717344753747323,0.044967880085653104,0.030835117773019272,0.1404710920770878,0.061241970021413274,0.11049250535331906,0.02398286937901499
28,teentitans,0.12570437798006068,0.017338534893801473,0.10576506285218899,0.13654096228868662,0.01907238838318162,0.1660164716081491,0.06718682271348071,0.035543996532293023,0.12613784135240572,0.10836584308625921,0.06328565236237538,0.02904204594711747
29,batmantheanimatedseries,0.13693850850414305,0.0056694286960314,0.12952464020933274,0.18054949847361534,0.0680331443523768,0.15612734409071086,0.0396860008722198,0.028347143480157,0.07195813344962931,0.10248582642825992,0.02703881378107283,0.05364151766245094
30,negimamagisternegimagi,0.23506151142355008,0.032952548330404216,0.1195079086115993,0.06546572934973638,0.020210896309314587,0.109402460456942,0.06590509666080843,0.009666080843585237,0.1827768014059754,0.004393673110720563,0.14543057996485062,0.00922671353251318
31,thelegendofkorra,0.21473495058400718,0.07637017070979335,0.13566936208445643,0.1316262353998203,0.040880503144654086,0.12084456424079065,0.0444743935309973,0.009433962264150943,0.1293800539083558,0.0026954177897574125,0.06918238993710692,0.024707996406109614
32,mysterysciencetheater3000,0.07252946509519492,0.004986400725294651,0.1328195829555757,0.2883046237533998,0.050770625566636446,0.09383499546690843,0.0643699002719855,0.06255666364460562,0.01813236627379873,0.10335448776065277,0.019038984587488667,0.08930190389845875
33,yugioh,0.21685649202733484,0.010933940774487472,0.11571753986332574,0.1143507972665148,0.013211845102505695,0.13849658314350796,0.03917995444191344,0.010933940774487472,0.16719817767653758,0.08610478359908884,0.07289293849658314,0.014123006833712985
34,adventuretime,0.1299859221022994,0.02956358517128109,0.1351478179258564,0.22383857343969968,0.02346316283435007,0.13937118723603942,0.08305959643359925,0.0680431722196152,0.07977475363679024,0.003754106053496011,0.04317221961520413,0.04082590333176912
35,battlestargalactica2003,0.2014423076923077,0.038461538461538464,0.10336538461538461,0.10865384615384616,0.09711538461538462,0.08028846153846154,0.19807692307692307,0.0028846153846153848,0.010576923076923078,0.11009615384615384,0.02451923076923077,0.02451923076923077
36,gravityfalls,0.09855072463768116,0.011594202898550725,0.1565217391304348,0.25072463768115943,0.028502415458937197,0.15797101449275364,0.04927536231884058,0.08405797101449275,0.03333333333333333,0.004347826086956522,0.049758454106280194,0.07536231884057971
37,saturdaynightlive,0.04512372634643377,0.0024260067928190197,0.1465308102862688,0.2314410480349345,0.07083939835031539,0.06404657933042213,0.020378457059679767,0.07472100921882581,0.010189228529839884,0.09315866084425037,0.03153808830664726,0.2096069868995633
38,ncis,0.17867575462512172,0.011684518013631937,0.16893865628042842,0.07935735150925025,0.22395326192794549,0.06767283349561831,0.009250243427458617,0.006815968841285297,0.0014605647517039922,0.11830574488802337,0.03554040895813048,0.09834469328140215
39,thexfiles,0.1787982413287738,0.019540791402051783,0.14753297508549096,0.1617000488519785,0.15046409379579873,0.08646800195407914,0.09428431851489985,0.008304836345872008,0.014167073766487542,0.04934049829018075,0.023937469467513434,0.06546165119687347
40,howimetyourmother,0.07034684904738642,0.002442598925256473,0.1719589643380557,0.16414264777723497,0.0991695163654128,0.046409379579872984,0.0073277967757694185,0.045432340009770394,0.002442598925256473,0.08255984367366878,0.05959941377625794,0.24816805080605764
41,friends,0.0391282813273898,0.0009905894006934125,0.19465081723625557,0.1659237246161466,0.10549777117384844,0.0396235760277365,0.008915304606240713,0.06240713224368499,0.003467062902426944,0.0024764735017335313,0.07677067855373948,0.300148588410104
42,ranmaonehalf,0.1549225387306347,0.0079960019990005,0.1424287856071964,0.1454272863568216,0.030484757621189407,0.13843078460769614,0.03298350824587706,0.030484757621189407,0.10494752623688156,0.0079960019990005,0.1664167916041979,0.037481259370314844
43,kingofthehill,0.06427125506072874,0.005060728744939271,0.17054655870445345,0.16700404858299595,0.0708502024291498,0.06275303643724696,0.00708502024291498,0.076417004048583,0.00354251012145749,0.12044534412955465,0.043522267206477734,0.20850202429149797
44,kimpossible,0.09664292980671414,0.013733468972533061,0.14750762970498474,0.167853509664293,0.04425228891149542,0.18158697863682605,0.05188199389623601,0.07884028484231943,0.0681586978636826,0.004069175991861648,0.07070193285859613,0.07477110885045778
45,justiceleague,0.21447162935970848,0.025507548152004164,0.10671525247267048,0.12441436751691827,0.05361790733992712,0.15252472670484124,0.122852680895367,0.01978136387298282,0.12441436751691827,0.003643935450286309,0.03019260801665799,0.021863612701717855
46,scrubs,0.0771235018238666,0.005211047420531527,0.19801980198019803,0.16362688900468994,0.10526315789473684,0.05471599791558103,0.003126628452318916,0.04637832204273059,0.006774361646690985,0.10213652944241793,0.04273058884835852,0.1948931735278791
47,reddwarf,0.08677248677248678,0.01746031746031746,0.11481481481481481,0.2518518518518518,0.0582010582010582,0.09417989417989418,0.20899470899470898,0.037037037037037035,0.012698412698412698,0.0010582010582010583,0.020105820105820106,0.09682539682539683
48,community,0.08635394456289978,0.006929637526652452,0.1732409381663113,0.17004264392324095,0.09701492537313433,0.06343283582089553,0.018656716417910446,0.046908315565031986,0.006396588486140725,0.09381663113006397,0.055970149253731345,0.1812366737739872
49,fairytail,0.23072805139186295,0.0208779443254818,0.11777301927194861,0.08137044967880086,0.011777301927194861,0.1349036402569593,0.05353319057815846,0.013918629550321198,0.22430406852248394,0.004817987152034261,0.09421841541755889,0.011777301927194861
50,thefairlyoddparents,0.04876741693461951,0.009110396570203644,0.15166130760986066,0.2315112540192926,0.02304394426580922,0.16291532690246516,0.04769560557341908,0.14630225080385853,0.03858520900321544,0.0021436227224008574,0.04448017148981779,0.09378349410503752
51,gargoyles,0.17479892761394103,0.021447721179624665,0.10831099195710456,0.12761394101876675,0.04396782841823056,0.1544235924932976,0.08739946380697051,0.014477211796246649,0.08632707774798927,0.13404825737265416,0.03431635388739947,0.012868632707774798
52,americandad,0.07814207650273224,0.007650273224043716,0.15027322404371585,0.23770491803278687,0.07868852459016394,0.0814207650273224,0.03989071038251366,0.08579234972677596,0.006010928961748634,0.001092896174863388,0.040983606557377046,0.1923497267759563
53,theventurebrothers,0.15058561070831009,0.012827663134411601,0.13608477412158393,0.1528165086447295,0.0652537646402677,0.12771890686001117,0.049079754601226995,0.020078081427774678,0.03625209146681539,0.1316229782487451,0.03680981595092025,0.08087005019520357
54,smallville,0.22704225352112675,0.01915492957746479,0.13464788732394367,0.09577464788732394,0.11267605633802817,0.11830985915492957,0.09859154929577464,0.0033802816901408453,0.09014084507042254,0.0028169014084507044,0.05464788732394366,0.0428169014084507
55,tengentoppagurrenlagann,0.24356775300171526,0.048027444253859346,0.08576329331046312,0.07604345340194396,0.016580903373356205,0.126357918810749,0.07089765580331618,0.006289308176100629,0.11663807890222985,0.11778158947970269,0.08290451686678102,0.009148084619782733
56,lost,0.30830945558739253,0.016045845272206302,0.15358166189111747,0.17249283667621776,0.12034383954154727,0.09054441260744986,0.06131805157593123,0.004584527220630372,0.012607449856733524,0.0028653295128939827,0.011461318051575931,0.045845272206303724
57,charmed1998,0.1323273360417876,0.024956471271038887,0.10679048171793383,0.11607661056297155,0.08067324434126523,0.10272780034822983,0.09576320371445154,0.0075449796865931515,0.1085316308763784,0.122460824143935,0.0412071967498549,0.06094022054556007
58,thepowerpuffgirls,0.0710128055878929,0.008731082654249126,0.14668218859138532,0.210128055878929,0.02619324796274738,0.19033760186263096,0.04074505238649592,0.12572759022118743,0.06053550640279395,0.004656577415599534,0.044819557625145515,0.07043073341094296
59,criminalminds,0.20270270270270271,0.008225616921269096,0.14747356051703878,0.07579318448883667,0.24383078730904817,0.05464159811985899,0.005287896592244419,0.008225616921269096,0.004700352526439483,0.14277320799059928,0.03407755581668625,0.07226792009400705
60,thebigbangtheory,0.04629080118694362,0.004747774480712166,0.1887240356083086,0.18813056379821957,0.09198813056379822,0.04688427299703264,0.022551928783382788,0.057566765578635014,0.005341246290801187,0.002967359050445104,0.06706231454005934,0.2777448071216617
61,bones,0.15144230769230768,0.003605769230769231,0.16947115384615385,0.09014423076923077,0.22716346153846154,0.051682692307692304,0.006009615384615385,0.012620192307692308,0.0030048076923076925,0.12980769230769232,0.029447115384615384,0.12560096153846154
62,dannyphantom,0.12091898428053205,0.016324062877871828,0.16626360338573157,0.14389359129383314,0.02781136638452237,0.16928657799274485,0.0743651753325272,0.04836759371221282,0.094316807738815,0.007859733978234583,0.0761789600967352,0.05441354292623942
63,house,0.13186813186813187,0.004884004884004884,0.18376068376068377,0.11355311355311355,0.17582417582417584,0.06227106227106227,0.01221001221001221,0.015873015873015872,0.003663003663003663,0.12576312576312576,0.03235653235653236,0.13797313797313798
64,rugrats,0.018983466013472138,0.003061849357011635,0.14329454990814453,0.22780159216166565,0.014084507042253521,0.10287813839559094,0.007348438456827924,0.19657072872014697,0.009797917942437232,0.11941212492345377,0.036129822412737295,0.12063686466625842
65,berserk,0.3287925696594427,0.06068111455108359,0.11393188854489164,0.08978328173374613,0.02848297213622291,0.09969040247678018,0.03591331269349845,0.004953560371517028,0.16780185758513932,0.002476780185758514,0.05696594427244582,0.010526315789473684
66,stargateatlantis,0.18575851393188855,0.03900928792569659,0.09721362229102168,0.09411764705882353,0.07925696594427245,0.0934984520123839,0.2532507739938081,0.0006191950464396285,0.021052631578947368,0.09473684210526316,0.021052631578947368,0.02043343653250774
67,souleater,0.21766169154228857,0.007462686567164179,0.1013681592039801,0.07773631840796019,0.01990049751243781,0.12935323383084577,0.03669154228855721,0.011194029850746268,0.16044776119402984,0.1281094527363184,0.09639303482587065,0.013681592039800995
68,animaniacs,0.030625,0.001875,0.149375,0.2375,0.02125,0.1175,0.010625,0.198125,0.011875,0.103125,0.025,0.093125
69,csi,0.14518147684605756,0.0050062578222778474,0.155819774718398,0.11201501877346684,0.28410513141426785,0.05569461827284105,0.011264080100125156,0.006257822277847309,0.0031289111389236545,0.10387984981226533,0.02002503128911139,0.09762202753441802
70,totaldrama,0.08281053952321205,0.005018820577164366,0.198870765370138,0.22271016311166875,0.030740276035131745,0.1480552070263488,0.014429109159347553,0.10476787954830614,0.020075282308657464,0.00878293601003764,0.08531994981179424,0.07841907151819323
71,rickandmorty,0.09565764631843927,0.006922592825676526,0.12208936438011328,0.19320327249842667,0.042794210195091255,0.10069225928256766,0.118313404657017,0.04719949653870359,0.027690371302706105,0.15418502202643172,0.025802391441157962,0.06544996853366897
72,heroes,0.2746835443037975,0.025949367088607594,0.15443037974683543,0.10949367088607595,0.08544303797468354,0.10063291139240506,0.08354430379746836,0.002531645569620253,0.09430379746835443,0.0012658227848101266,0.027848101265822784,0.039873417721518985
73,farscape,0.20506329113924052,0.03481012658227848,0.09683544303797469,0.13164556962025317,0.09936708860759494,0.1,0.24746835443037973,0.012025316455696202,0.02531645569620253,0.0018987341772151898,0.0189873417721519,0.026582278481012658
74,transformersanimated,0.14204185161699429,0.03551046290424857,0.11794546607482562,0.10272669625871908,0.027266962587190868,0.17755231452124287,0.09511731135066583,0.022828154724159798,0.09448319594166138,0.13189600507292326,0.03170577045022194,0.02092580849714648
75,dragonball,0.2303299492385787,0.022208121827411168,0.11230964467005077,0.125,0.012055837563451776,0.16116751269035534,0.06979695431472081,0.01903553299492386,0.16434010152284265,0.008248730964467006,0.05901015228426396,0.01649746192893401
76,glee,0.06217948717948718,0.001282051282051282,0.18782051282051282,0.12884615384615383,0.10705128205128205,0.05576923076923077,0.0019230769230769232,0.03974358974358974,0.008333333333333333,0.14615384615384616,0.09230769230769231,0.1685897435897436
77,codenamekidsnextdoor,0.07347204161248375,0.013003901170351105,0.13459037711313393,0.1684005201560468,0.0188556566970091,0.17490247074122237,0.043563068920676205,0.08972691807542263,0.04031209362808843,0.1482444733420026,0.044863459037711315,0.05006501950585176
78,sesamestreet,0.015625,0.005859375,0.12434895833333333,0.3131510416666667,0.03125,0.10481770833333333,0.020182291666666668,0.21875,0.0078125,0.048828125,0.018229166666666668,0.09114583333333333
79,theloudhouse,0.018384766907419567,0.005252790544977019,0.14576493762311227,0.21076822061720288,0.02298095863427446,0.10899540380827315,0.007879185817465528,0.2035456336178595,0.006565988181221274,0.10702560735390676,0.06500328299409061,0.09783322390019698
80,theflash2014,0.14172709294660515,0.00922874093605801,0.1133816743572841,0.06064601186552406,0.09690177982860909,0.12854317732366513,0.11535926170072512,0.004614370468029005,0.14765985497692816,0.12722478576137114,0.02702702702702703,0.027686222808174028
81,yuyuhakusho,0.24121935056328694,0.008614976805831677,0.08880053015241882,0.06494367130550033,0.013916500994035786,0.10470510271703115,0.05036447978793903,0.0026507620941020544,0.1901921802518224,0.13518886679920478,0.08681245858184228,0.012591119946984758
82,startrekenterprise,0.15951742627345844,0.0388739946380697,0.10656836461126006,0.12265415549597855,0.07439678284182305,0.0918230563002681,0.2707774798927614,0.004021447721179625,0.00871313672922252,0.07238605898123325,0.02613941018766756,0.024128686327077747
83,mightymorphinpowerrangers,0.11875843454790823,0.023616734143049933,0.09379217273954116,0.11470985155195682,0.03508771929824561,0.1774628879892038,0.07152496626180836,0.021592442645074223,0.16059379217273953,0.1214574898785425,0.02699055330634278,0.03441295546558704
84,acertainmagicalindex,0.2065439672801636,0.029993183367416496,0.09884117246080436,0.049079754601226995,0.022494887525562373,0.08725289706884799,0.07225630538513975,0.004771642808452625,0.17246080436264485,0.13156100886162236,0.1138377641445126,0.010906612133605999
85,ducktales2017,0.07335640138408304,0.006228373702422145,0.1439446366782007,0.20484429065743945,0.02629757785467128,0.1370242214532872,0.04013840830449827,0.08304498269896193,0.06366782006920416,0.13079584775086506,0.02560553633217993,0.06505190311418685
86,puellamagimadokamagica,0.2721563154221912,0.02372644801116539,0.11304954640614097,0.08653175157013258,0.019539427773900907,0.1346824842986741,0.0732728541521284,0.00837404047452896,0.159804605722261,0.007676203768318213,0.09141660851360782,0.009769713886950453
87,batmanthebraveandthebold,0.1031578947368421,0.009824561403508772,0.09333333333333334,0.14035087719298245,0.029473684210526315,0.18736842105263157,0.05754385964912281,0.041403508771929824,0.10035087719298245,0.1712280701754386,0.0343859649122807,0.031578947368421054
88,invaderzim,0.0659025787965616,0.020773638968481375,0.14255014326647564,0.17908309455587393,0.015759312320916905,0.17048710601719197,0.11031518624641834,0.0673352435530086,0.029369627507163324,0.12679083094555874,0.0329512893982808,0.03868194842406877
89,batmanbeyond,0.16666666666666666,0.016594516594516596,0.1038961038961039,0.0873015873015873,0.05627705627705628,0.1645021645021645,0.0735930735930736,0.015151515151515152,0.09812409812409813,0.1406926406926407,0.046176046176046176,0.031024531024531024
90,swordartonline,0.20462762111352134,0.02096890817064353,0.09833694866232827,0.07953723788864786,0.023138105567606652,0.09761388286334056,0.0368763557483731,0.006507592190889371,0.15907447577729572,0.16124367317425886,0.10556760665220535,0.006507592190889371
91,lawandorderspecialvictimsunit,0.14399421128798842,0.007959479015918957,0.1714905933429812,0.06874095513748191,0.24529667149059334,0.05426917510853835,0.000723589001447178,0.004341534008683068,0.000723589001447178,0.16931982633863965,0.03328509406657019,0.09985528219971057
92,attackontitan,0.34492753623188405,0.06884057971014493,0.12681159420289856,0.08768115942028985,0.021014492753623187,0.12318840579710146,0.05144927536231884,0.005797101449275362,0.11376811594202899,0.002898550724637681,0.04420289855072464,0.009420289855072464
93,dexterslaboratory,0.03343023255813953,0.007267441860465116,0.12863372093023256,0.19476744186046513,0.02180232558139535,0.15988372093023256,0.03924418604651163,0.12936046511627908,0.032703488372093026,0.1308139534883721,0.04215116279069767,0.07994186046511628
94,montypythonsflyingcircus,0.05021834061135371,0.004366812227074236,0.13828238719068414,0.35880640465793306,0.06040756914119359,0.06404657933042213,0.021834061135371178,0.07787481804949054,0.010917030567685589,0.07641921397379912,0.016739446870451237,0.12008733624454149
95,jojosbizarreadventure,0.2576642335766423,0.030656934306569343,0.11824817518248175,0.1145985401459854,0.01824817518248175,0.1554744525547445,0.06496350364963503,0.010218978102189781,0.16131386861313868,0.004379562043795621,0.04817518248175182,0.016058394160583942
96,starwarstheclonewars,0.24705882352941178,0.051470588235294115,0.10441176470588236,0.1463235294117647,0.05514705882352941,0.15073529411764705,0.11691176470588235,0.013970588235294118,0.08014705882352942,0.005147058823529412,0.021323529411764706,0.007352941176470588
97,rurounikenshin,0.30633284241531666,0.012518409425625921,0.09057437407952872,0.06774668630338733,0.027245949926362298,0.09057437407952872,0.01914580265095729,0.004418262150220913,0.15022091310751104,0.12812960235640647,0.09572901325478646,0.007363770250368188
98,thirtyrock,0.04050073637702504,0.0022091310751104565,0.19882179675994108,0.1170839469808542,0.10456553755522828,0.047128129602356406,0.013254786450662739,0.04197349042709867,0.003681885125184094,0.14506627393225333,0.04050073637702504,0.24521354933726067
99,jackiechanadventures,0.11769059955588453,0.01628423390081421,0.09918578830495929,0.13693560325684678,0.027387120651369355,0.17394522575869725,0.06587712805329386,0.028127313101406367,0.13175425610658772,0.13545521835677277,0.03256846780162842,0.03478904515173945
100,cowboybebop,0.22899628252788104,0.020817843866171002,0.09591078066914498,0.14572490706319702,0.0550185873605948,0.11672862453531599,0.08921933085501858,0.013382899628252789,0.020074349442379184,0.14869888475836432,0.040892193308550186,0.02453531598513011
101,theofficeus,0.035794183445190156,0.0044742729306487695,0.2080536912751678,0.1215510812826249,0.08799403430275914,0.04697986577181208,0.009694258016405667,0.028337061894108874,0.0037285607755406414,0.18568232662192394,0.04697986577181208,0.22073079791200598
102,thegrimadventuresofbillyandmandy,0.04029850746268657,0.011940298507462687,0.12686567164179105,0.20746268656716418,0.014925373134328358,0.15671641791044777,0.041791044776119404,0.12835820895522387,0.029850746268656716,0.1328358208955224,0.028358208955223882,0.08059701492537313
103,darkwingduck,0.061607813673929375,0.0067618332081141996,0.09691960931630353,0.16604057099924868,0.027047332832456798,0.20060105184072127,0.058602554470323066,0.09992486851990984,0.06686701728024042,0.15401953418482345,0.021788129226145755,0.039819684447783624
104,daredevil2015,0.23632218844984804,0.007598784194528876,0.1405775075987842,0.05623100303951368,0.18768996960486323,0.06990881458966565,0.009878419452887538,0.00303951367781155,0.05851063829787234,0.16869300911854104,0.02735562310030395,0.03419452887537994
105,starwarsrebels,0.23893129770992366,0.05419847328244275,0.09694656488549619,0.08931297709923663,0.03816793893129771,0.1366412213740458,0.07633587786259542,0.0030534351145038168,0.0633587786259542,0.16412213740458015,0.03282442748091603,0.0061068702290076335
106,tinytoonadventures,0.018433179723502304,0.002304147465437788,0.11904761904761904,0.22196620583717358,0.013056835637480798,0.13671274961597543,0.016129032258064516,0.22427035330261136,0.016129032258064516,0.1228878648233487,0.03763440860215054,0.07142857142857142
107,seinfeld,0.048723897911832945,0.0015467904098994587,0.19721577726218098,0.17865429234338748,0.08894044856921887,0.051817478731631866,0.007733952049497293,0.0634184068058778,0.0030935808197989174,0.0030935808197989174,0.04563031709203403,0.31013147718484146
108,mash,0.09937888198757763,0.02251552795031056,0.16925465838509315,0.2453416149068323,0.11490683229813664,0.05357142857142857,0.027950310559006212,0.06133540372670807,0.006211180124223602,0.0015527950310559005,0.02251552795031056,0.17546583850931677
109,ducktales1987,0.04043545878693624,0.012441679626749611,0.12286158631415241,0.19984447900466562,0.03110419906687403,0.18040435458786935,0.052099533437014,0.10342146189735614,0.04743390357698289,0.1423017107309487,0.017884914463452566,0.049766718506998445
110,slayers,0.17459080280592362,0.024162120031176928,0.09976617303195635,0.06391270459859703,0.01636788776305534,0.12626656274356976,0.04598597038191738,0.012470771628994544,0.18238503507404522,0.1449727201870616,0.09431021044427124,0.014809041309431021
111,twentyfour,0.28325508607198746,0.01564945226917058,0.107981220657277,0.081377151799687,0.15571205007824726,0.09702660406885759,0.018779342723004695,0.002347417840375587,0.017214397496087636,0.16040688575899845,0.03051643192488263,0.0297339593114241
112,frasier,0.04620203602192639,0.0,0.2192638997650744,0.13469068128425998,0.12059514487079091,0.04933437744714174,0.00548159749412686,0.056382145653876274,0.0007830853563038371,0.0015661707126076742,0.058731401722787784,0.3069694596711042
113,arrow,0.2531545741324921,0.017350157728706624,0.12460567823343849,0.07965299684542587,0.1632492113564669,0.12302839116719243,0.04574132492113565,0.007886435331230283,0.10488958990536278,0.002365930599369085,0.033123028391167195,0.044952681388012616
114,miraculousladybug,0.10276679841897234,0.013438735177865613,0.1565217391304348,0.15177865612648223,0.03715415019762846,0.16442687747035573,0.04743083003952569,0.042687747035573126,0.12727272727272726,0.0071146245059288534,0.10039525691699605,0.04901185770750988
115,bobsburgers,0.027689873417721517,0.0031645569620253164,0.18275316455696203,0.16693037974683544,0.03639240506329114,0.06645569620253164,0.003955696202531646,0.11629746835443038,0.0031645569620253164,0.16139240506329114,0.0680379746835443,0.16376582278481014
116,marriedwithchildren,0.032362459546925564,0.0008090614886731392,0.19983818770226539,0.13754045307443366,0.06634304207119741,0.043689320388349516,0.012135922330097087,0.06067961165048544,0.0016181229773462784,0.15776699029126215,0.04773462783171521,0.23948220064724918
117,killlakill,0.21295546558704453,0.012955465587044534,0.10607287449392712,0.0825910931174089,0.014574898785425101,0.11336032388663968,0.029959514170040485,0.013765182186234818,0.12469635627530365,0.17732793522267207,0.10526315789473684,0.006477732793522267
118,arthur,0.013888888888888888,0.004084967320261438,0.13725490196078433,0.2369281045751634,0.014705882352941176,0.10457516339869281,0.010620915032679739,0.28022875816993464,0.008169934640522876,0.0032679738562091504,0.056372549019607844,0.12990196078431374
119,chuck,0.17647058823529413,0.013071895424836602,0.14052287581699346,0.07107843137254902,0.1511437908496732,0.09558823529411764,0.016339869281045753,0.008169934640522876,0.024509803921568627,0.19444444444444445,0.041666666666666664,0.06699346405228758
120,blakesseven,0.180999180999181,0.03521703521703522,0.08108108108108109,0.13923013923013924,0.08763308763308764,0.09418509418509419,0.20475020475020475,0.004914004914004914,0.010647010647010647,0.12530712530712532,0.021294021294021293,0.014742014742014743
121,theamazingworldofgumball,0.027937551355792935,0.005751848808545604,0.15119145439605589,0.2703368940016434,0.015612161051766639,0.14050944946589974,0.03204601479046836,0.18981101068200493,0.018898931799506986,0.0024650780608052587,0.04026294165981923,0.10517666392769104
122,mythbusters,0.09539473684210527,0.008223684210526315,0.11924342105263158,0.29276315789473684,0.0756578947368421,0.09786184210526316,0.02631578947368421,0.05921052631578947,0.022203947368421052,0.13240131578947367,0.009868421052631578,0.06085526315789474
123,blackadder,0.10617283950617284,0.023045267489711935,0.15967078189300413,0.23292181069958848,0.06502057613168724,0.06337448559670782,0.024691358024691357,0.027983539094650206,0.009876543209876543,0.1728395061728395,0.01728395061728395,0.097119341563786
124,rockosmodernlife,0.0205761316872428,0.0016460905349794238,0.1168724279835391,0.2411522633744856,0.0205761316872428,0.09794238683127572,0.01316872427983539,0.20329218106995886,0.007407407407407408,0.12098765432098765,0.023868312757201648,0.1325102880658436
125,beastwars,0.19357495881383854,0.03871499176276771,0.07825370675453047,0.11779242174629324,0.018945634266886325,0.17957166392092258,0.1243822075782537,0.019769357495881382,0.10626029654036244,0.08484349258649095,0.027182866556836903,0.01070840197693575
126,parksandrecreation,0.04658901830282862,0.0033277870216306157,0.194675540765391,0.11480865224625623,0.10232945091514144,0.03743760399334443,0.0024958402662229617,0.039101497504159734,0.0016638935108153079,0.19051580698835274,0.045757071547420966,0.22129783693843594
127,samuraijack,0.25228975853455454,0.022481265611990008,0.08742714404662781,0.16486261448792672,0.014154870940882597,0.16486261448792672,0.08992506244796003,0.02331390507910075,0.13655287260616153,0.002497918401332223,0.026644462947543714,0.01498751040799334
128,yugiohgx,0.20833333333333334,0.010833333333333334,0.11166666666666666,0.0675,0.008333333333333333,0.1525,0.041666666666666664,0.0075,0.15166666666666667,0.14083333333333334,0.08416666666666667,0.015
129,ededdneddy,0.036758563074352546,0.002506265664160401,0.17627401837928153,0.22556390977443608,0.014202172096908938,0.13700918964076858,0.014202172096908938,0.2172096908939014,0.010025062656641603,0.005012531328320802,0.06098579782790309,0.10025062656641603
130,cheers,0.03595317725752508,0.002508361204013378,0.20317725752508362,0.11538461538461539,0.09782608695652174,0.03595317725752508,0.005852842809364548,0.056020066889632104,0.0016722408026755853,0.1479933110367893,0.048494983277591976,0.2491638795986622
131,dragonballsuper,0.2320205479452055,0.016267123287671232,0.11301369863013698,0.09075342465753425,0.007705479452054794,0.1506849315068493,0.11386986301369863,0.011986301369863013,0.20034246575342465,0.004280821917808219,0.04794520547945205,0.01113013698630137
132,haruhisuzumiya,0.14708442123585727,0.012184508268059183,0.16623150565709313,0.10791993037423847,0.038294168842471714,0.11923411662315056,0.08790252393385553,0.024369016536118365,0.047867711053089644,0.016536118363794605,0.20278503046127067,0.02959094865100087
133,recess,0.025261324041811847,0.009581881533101045,0.17857142857142858,0.1524390243902439,0.02264808362369338,0.11585365853658537,0.003484320557491289,0.1402439024390244,0.002613240418118467,0.1750871080139373,0.08710801393728224,0.08710801393728224
134,yugioh5ds,0.1918047079337402,0.013077593722755012,0.08805579773321709,0.07061900610287707,0.023539668700959023,0.12903225806451613,0.044463818657367045,0.006974716652136007,0.15954664341761116,0.17611159546643418,0.08718395815170009,0.00959023539668701
135,mobilesuitgundamwing,0.25903083700440527,0.1356828193832599,0.0960352422907489,0.039647577092511016,0.021145374449339206,0.1066079295154185,0.06167400881057269,0.001762114537444934,0.07577092511013216,0.12863436123348018,0.07048458149779736,0.003524229074889868
136,onceuponatime,0.2579505300353357,0.045053003533568906,0.1413427561837456,0.1413427561837456,0.07243816254416961,0.12367491166077739,0.06890459363957598,0.0088339222614841,0.08303886925795052,0.0017667844522968198,0.026501766784452298,0.029151943462897525
137,caseclosed,0.1752212389380531,0.007079646017699115,0.18761061946902655,0.09911504424778761,0.13716814159292035,0.12389380530973451,0.01415929203539823,0.02831858407079646,0.023893805309734513,0.0,0.15486725663716813,0.048672566371681415
138,itsalwayssunnyinphiladelphia,0.056838365896980464,0.0008880994671403197,0.20159857904085257,0.1216696269982238,0.10479573712255773,0.04085257548845471,0.004440497335701598,0.055062166962699825,0.004440497335701598,0.17229129662522202,0.03108348134991119,0.20603907637655416
139,tokyoghoul,0.26423487544483987,0.03825622775800712,0.12277580071174377,0.04893238434163701,0.04448398576512456,0.07384341637010676,0.03558718861209965,0.004448398576512456,0.07651245551601424,0.16814946619217083,0.11120996441281139,0.011565836298932384
140,heyarnold,0.0400355871886121,0.0035587188612099642,0.2090747330960854,0.19839857651245552,0.037366548042704624,0.11654804270462633,0.0026690391459074734,0.14590747330960854,0.0071174377224199285,0.0017793594306049821,0.08540925266903915,0.152135231316726
141,hunterxhunter,0.24733096085409254,0.013345195729537367,0.08185053380782918,0.07829181494661921,0.012455516014234875,0.11120996441281139,0.05249110320284697,0.0071174377224199285,0.1797153024911032,0.13523131672597866,0.07473309608540925,0.006227758007117438
142,sherlock,0.22053571428571428,0.007142857142857143,0.19553571428571428,0.1125,0.14375,0.06964285714285715,0.013392857142857142,0.0017857142857142857,0.015178571428571428,0.12321428571428572,0.03571428571428571,0.06160714285714286
143,kaguyasamaloveiswar,0.07609668755595345,0.010743061772605193,0.20322291853178157,0.11190689346463742,0.04028648164726947,0.08504923903312445,0.0026857654431512983,0.02775290957923008,0.01342882721575649,0.1593554162936437,0.22470904207699194,0.044762757385854966
144,fringe,0.16352201257861634,0.014375561545372867,0.12398921832884097,0.0853548966756514,0.10601976639712489,0.08355795148247978,0.14734950584007186,0.005390835579514825,0.017070979335130278,0.1976639712488769,0.029649595687331536,0.02605570530098832
145,thewestwing,0.11859838274932614,0.013477088948787063,0.21203953279424978,0.12129380053908356,0.16442048517520216,0.050314465408805034,0.012578616352201259,0.01078167115902965,0.0017969451931716084,0.1347708894878706,0.04132973944294699,0.11859838274932614
146,kaeloo,0.051351351351351354,0.006306306306306306,0.22072072072072071,0.2153153153153153,0.01891891891891892,0.15315315315315314,0.036036036036036036,0.11891891891891893,0.02252252252252252,0.0018018018018018018,0.06846846846846846,0.08648648648648649
147,psych,0.0921409214092141,0.006323396567299007,0.18879855465221318,0.10298102981029811,0.1897018970189702,0.06233062330623306,0.005420054200542005,0.018970189701897018,0.0036133694670280035,0.16350496838301717,0.037940379403794036,0.12827461607949414
148,mobilesuitgundam00,0.29257246376811596,0.11413043478260869,0.1068840579710145,0.026268115942028984,0.015398550724637682,0.08876811594202899,0.06702898550724638,0.0018115942028985507,0.06884057971014493,0.1403985507246377,0.0769927536231884,0.0009057971014492754
149,codelyoko,0.13520871143375682,0.007259528130671506,0.1306715063520871,0.10163339382940109,0.03176043557168784,0.13611615245009073,0.0852994555353902,0.018148820326678767,0.09800362976406533,0.15335753176043557,0.07259528130671507,0.029945553539019964
150,lawandorder,0.12306289881494986,0.010938924339106655,0.13673655423883319,0.07019143117593436,0.30446672743846853,0.049225159525979945,0.010938924339106655,0.0018231540565177757,0.0018231540565177757,0.13947128532360983,0.02187784867821331,0.12944393801276208
151,csiny,0.16697080291970803,0.004562043795620438,0.13503649635036497,0.08485401459854014,0.2937956204379562,0.053832116788321165,0.010036496350364963,0.013686131386861315,0.002737226277372263,0.13047445255474452,0.024635036496350366,0.07937956204379562
152,youngjustice,0.18572735590118938,0.020128087831655993,0.14272644098810613,0.1161939615736505,0.056724611161939616,0.16285452881976212,0.09881061299176579,0.009149130832570906,0.14181152790484905,0.0054894784995425435,0.042086001829826164,0.018298261665141813
153,arresteddevelopment,0.04963235294117647,0.0,0.20036764705882354,0.12959558823529413,0.10018382352941177,0.04871323529411765,0.0055147058823529415,0.04044117647058824,0.0027573529411764708,0.13602941176470587,0.051470588235294115,0.23529411764705882
154,themuppetshow,0.030414746543778803,0.0,0.1382488479262673,0.24423963133640553,0.020276497695852536,0.11059907834101383,0.022119815668202765,0.1640552995391705,0.009216589861751152,0.14377880184331798,0.01935483870967742,0.09769585253456221
