i_doc,doc,Topic 1,Topic 2,Topic 3,Topic 4
0,worldofwarcraft,0.195094124358243,0.6862521391899601,0.0838562464346834,0.03479749001711352
1,finalfantasyvii,0.23501033769813923,0.627842866988284,0.10268780151619572,0.03445899379738112
2,theelderscrollsvskyrim,0.1900383141762452,0.6904214559386973,0.0896551724137931,0.029885057471264367
3,teamfortress2,0.2208638956805216,0.6389568052159739,0.08801955990220049,0.05215973920130399
4,masseffect2,0.22709475332811277,0.6327329678935004,0.09397024275646046,0.04620203602192639
5,falloutnewvegas,0.19736842105263158,0.6504934210526315,0.09539473684210527,0.05674342105263158
6,fallout3,0.18775847808105872,0.6484698097601324,0.1141439205955335,0.04962779156327544
7,masseffect3,0.20543293718166383,0.6383701188455009,0.10441426146010187,0.05178268251273345
8,dragonageorigins,0.22962313759859773,0.6415425065731815,0.10692375109553023,0.021910604732690624
9,persona3,0.24,0.6054545454545455,0.13272727272727272,0.02181818181818182
10,persona5,0.2575221238938053,0.6132743362831858,0.09469026548672567,0.034513274336283185
11,finalfantasyvi,0.2177191328934967,0.6333647502356268,0.13006597549481622,0.01885014137606032
12,theelderscrollsivoblivion,0.20760233918128654,0.6442495126705653,0.12378167641325535,0.024366471734892786
13,thelegendofzeldaocarinaoftime,0.1939275220372184,0.643486777668952,0.13320274240940255,0.029382957884427033
14,dragonageii,0.2336182336182336,0.6419753086419753,0.10731244064577398,0.017094017094017096
15,fallout,0.16895874263261296,0.6414538310412574,0.13261296660117877,0.05697445972495088
16,chronotrigger,0.18981018981018982,0.6363636363636364,0.14285714285714285,0.030969030969030968
17,metalgear,0.2624877571008815,0.5484818805093046,0.14299706170421156,0.04603330068560235
18,persona4,0.2407231208372978,0.6308277830637488,0.10846812559467174,0.019980970504281638
19,finalfantasyxiv,0.20295566502463055,0.6689655172413793,0.09753694581280788,0.030541871921182268
20,thelegendofzeldabreathofthewild,0.1856710393541877,0.6740665993945509,0.10393541876892028,0.03632694248234107
21,cityofheroes,0.16036772216547499,0.6731358529111338,0.12563840653728295,0.04085801838610827
22,thelegendofzeldatwilightprincess,0.1902834008097166,0.6518218623481782,0.13360323886639677,0.024291497975708502
23,leagueoflegends,0.17676767676767677,0.6707070707070707,0.1111111111111111,0.04141414141414142
24,finalfantasyviii,0.22845691382765532,0.6172344689378757,0.13627254509018036,0.018036072144288578
25,sonicthehedgehog,0.24074074074074073,0.5946502057613169,0.11316872427983539,0.051440329218107
26,finalfantasyx,0.22658610271903323,0.6555891238670695,0.09969788519637462,0.01812688821752266
27,overwatch,0.2081165452653486,0.6295525494276795,0.12070759625390219,0.04162330905306972
28,metalgearsolid,0.2740740740740741,0.5301587301587302,0.1439153439153439,0.05185185185185185
29,supersmashbros,0.2367816091954023,0.5885057471264368,0.11839080459770115,0.05632183908045977
30,undertale,0.25699481865284973,0.5761658031088083,0.13264248704663212,0.03419689119170984
31,touhou,0.20901639344262296,0.6485655737704918,0.1168032786885246,0.025614754098360656
32,talesofsymphonia,0.23311546840958605,0.6154684095860566,0.1394335511982571,0.011982570806100218
33,dragonageinquisition,0.2543478260869565,0.6141304347826086,0.10326086956521739,0.02826086956521739
34,mother3,0.22527472527472528,0.5868131868131868,0.15494505494505495,0.03296703296703297
35,thelegendofzeldaskywardsword,0.18855218855218855,0.6475869809203143,0.1425364758698092,0.02132435465768799
36,kingdomofloathing,0.16518847006651885,0.664079822616408,0.12527716186252771,0.045454545454545456
37,warcraft,0.18671248568155785,0.6529209621993127,0.140893470790378,0.019473081328751432
38,blazblue,0.2480181200453001,0.594563986409966,0.1347678369195923,0.022650056625141562
39,kingdomheartsii,0.23067776456599287,0.5648038049940547,0.1724137931034483,0.03210463733650416
40,fireemblemawakening,0.27647058823529413,0.6129411764705882,0.0988235294117647,0.011764705882352941
41,finalfantasyxii,0.20412844036697247,0.6353211009174312,0.143348623853211,0.017201834862385322
42,fallout4,0.1635150166852058,0.6674082313681868,0.10456062291434928,0.06451612903225806
43,theelderscrollsiiimorrowind,0.18181818181818182,0.6874221668742216,0.1095890410958904,0.021170610211706103
44,warcraftiii,0.17291414752116083,0.6517533252720678,0.14510278113663846,0.030229746070133012
45,halflife2,0.1745049504950495,0.6101485148514851,0.16336633663366337,0.05198019801980198
46,darksouls,0.17941952506596306,0.6609498680738787,0.13984168865435356,0.01978891820580475
47,thelegendofzeldathewindwaker,0.20848938826466917,0.6142322097378277,0.149812734082397,0.02746566791510612
48,finalfantasyxiii,0.21680876979293545,0.6004872107186358,0.16199756394640683,0.020706455542021926
49,dwarffortress,0.13745271122320302,0.7049180327868853,0.13114754098360656,0.02648171500630517
50,masseffect1,0.19949811794228356,0.5984943538268507,0.15056461731493098,0.05144291091593475
51,thelegendofzeldamajorasmask,0.18587360594795538,0.6232961586121437,0.15117719950433706,0.03965303593556382
52,finalfantasyiv,0.2242503259452412,0.6140808344198174,0.14863102998696218,0.01303780964797914
53,papermariothethousandyeardoor,0.22409326424870465,0.5854922279792746,0.15932642487046633,0.031088082901554404
54,theworldendswithyou,0.24675324675324675,0.5662337662337662,0.16753246753246753,0.01948051948051948
55,portal2,0.23910171730515192,0.5363276089828269,0.17305151915455746,0.05151915455746367
56,xenobladechronicles1,0.22933333333333333,0.5746666666666667,0.17466666666666666,0.021333333333333333
57,thelegendofheroestrailsofcoldsteel,0.24430379746835443,0.5658227848101266,0.1670886075949367,0.02278481012658228
58,talesoftheabyss,0.24869791666666666,0.5794270833333334,0.16145833333333334,0.010416666666666666
59,grandtheftautosanandreas,0.21635883905013192,0.5725593667546174,0.17018469656992086,0.040897097625329816
60,metalgearsolid3snakeeater,0.24010554089709762,0.5567282321899736,0.15963060686015831,0.04353562005277045
61,devilmaycry,0.23174157303370788,0.5912921348314607,0.15589887640449437,0.021067415730337078
62,megamanx,0.2299168975069252,0.592797783933518,0.1592797783933518,0.018005540166204988
63,minecraft,0.13706293706293707,0.6965034965034965,0.11888111888111888,0.04755244755244755
64,pokemonsunandmoon,0.21755725190839695,0.594147582697201,0.15521628498727735,0.03307888040712468
65,superrobotwars,0.24050632911392406,0.5738396624472574,0.15611814345991562,0.029535864978902954
66,thekingoffighters,0.27309782608695654,0.5720108695652174,0.13994565217391305,0.014945652173913044
67,fireemblemfates,0.28125,0.5909090909090909,0.11079545454545454,0.017045454545454544
68,metalgearsolid4gunsofthepatriots,0.26816380449141347,0.5112285336856011,0.17305151915455746,0.047556142668428
69,tekken,0.24860335195530725,0.5768156424581006,0.15782122905027932,0.01675977653631285
70,borderlands2,0.19440745672436752,0.625832223701731,0.1278295605858855,0.05193075898801598
71,pokemonblackandwhite,0.21138211382113822,0.6151761517615176,0.14634146341463414,0.02710027100271003
72,guiltygear,0.24592391304347827,0.5991847826086957,0.13858695652173914,0.016304347826086956
73,metalgearsolid2sonsofliberty,0.2692307692307692,0.5041208791208791,0.1813186813186813,0.04532967032967033
74,finalfantasyix,0.22357723577235772,0.6449864498644986,0.10975609756097561,0.02168021680216802
75,residentevil4,0.20833333333333334,0.5817901234567902,0.16820987654320987,0.041666666666666664
76,doom,0.167427701674277,0.6210045662100456,0.1598173515981735,0.0517503805175038
77,megamanbattlenetwork,0.21782178217821782,0.6053748231966054,0.16265912305516267,0.014144271570014143
78,okami,0.20655270655270655,0.6225071225071225,0.14102564102564102,0.029914529914529916
79,finalfantasyv,0.18862275449101795,0.6497005988023952,0.15119760479041916,0.010479041916167664
80,soulseries,0.23407407407407407,0.5911111111111111,0.1688888888888889,0.005925925925925926
81,modernwarfare,0.21212121212121213,0.5257575757575758,0.2,0.06212121212121212
82,pokemonxandy,0.2079343365253078,0.5964432284541724,0.1600547195622435,0.03556771545827633
83,kingdomheartsiii,0.24702380952380953,0.5357142857142857,0.20535714285714285,0.011904761904761904
84,bayonetta,0.21649484536082475,0.6082474226804123,0.15022091310751104,0.025036818851251842
85,thewitcher3wildhunt,0.24410540915395285,0.5894590846047156,0.15672676837725383,0.009708737864077669
86,batmanarkhamcity,0.24492753623188407,0.5347826086956522,0.18405797101449275,0.036231884057971016
87,talesofvesperia,0.23249299719887956,0.5980392156862745,0.14985994397759103,0.0196078431372549
88,kidicarusuprising,0.2222222222222222,0.5877192982456141,0.17251461988304093,0.017543859649122806
89,deusexhumanrevolution,0.18759231905465287,0.5701624815361891,0.18020679468242246,0.0620384047267356
90,superpapermario,0.23177842565597667,0.565597667638484,0.18221574344023322,0.02040816326530612
91,persona2,0.21529745042492918,0.5977337110481586,0.1643059490084986,0.0226628895184136
92,kingdomheartsbirthbysleep,0.26497005988023953,0.5374251497005988,0.1781437125748503,0.019461077844311378
93,guildwars2,0.14676258992805755,0.660431654676259,0.15971223021582734,0.033093525179856115
94,banjokazooie,0.21148036253776434,0.5574018126888217,0.17673716012084592,0.054380664652567974
95,xcomenemyunknown,0.1557632398753894,0.6012461059190031,0.1838006230529595,0.059190031152647975
96,chronocross,0.19280575539568345,0.6172661870503597,0.17841726618705037,0.011510791366906475
97,sonicadventure2,0.29003021148036257,0.5120845921450151,0.1646525679758308,0.03323262839879154
98,maxpayne,0.25401459854014596,0.5226277372262774,0.1897810218978102,0.033576642335766425
99,deusex,0.1798780487804878,0.5929878048780488,0.17073170731707318,0.056402439024390245
100,psychonauts,0.24212034383954154,0.5830945558739254,0.14613180515759314,0.02865329512893983
101,gearsofwar,0.20030581039755352,0.5504587155963303,0.20336391437308868,0.045871559633027525
102,planescapetorment,0.21417797888386123,0.6093514328808446,0.16138763197586728,0.015082956259426848
103,supersmashbrosultimate,0.2559880239520958,0.5359281437125748,0.17664670658682635,0.03143712574850299
104,diabloii,0.12141652613827993,0.6762225969645869,0.18381112984822934,0.01854974704890388
105,fireemblemthreehouses,0.3004418262150221,0.5640648011782032,0.12371134020618557,0.011782032400589101
106,dragonquest,0.17329093799682035,0.6740858505564388,0.13990461049284578,0.012718600953895072
107,animalcrossing,0.22435897435897437,0.5993589743589743,0.1233974358974359,0.052884615384615384
108,godofwar,0.2792511700468019,0.5257410296411856,0.1918876755070203,0.0031201248049922
109,finalfantasyx2,0.18902439024390244,0.6158536585365854,0.1722560975609756,0.022865853658536585
110,marathon,0.1937984496124031,0.5689922480620155,0.18914728682170542,0.04806201550387597
111,civilization,0.1478537360890302,0.6422893481717011,0.16216216216216217,0.04769475357710652
112,saintsrowthethird,0.22734026745913818,0.5423476968796433,0.1827637444279346,0.0475482912332838
113,finalfantasytactics,0.21129032258064517,0.5935483870967742,0.18064516129032257,0.014516129032258065
114,starcraft,0.1750380517503805,0.6377473363774734,0.1263318112633181,0.060882800608828
115,bloodborne,0.15654952076677317,0.6357827476038339,0.18210862619808307,0.025559105431309903
116,megamanclassic,0.2561174551386623,0.566068515497553,0.14845024469820556,0.02936378466557912
117,cavestory,0.2144,0.5728,0.1872,0.0256
118,sonicadventure,0.2435064935064935,0.5194805194805194,0.18668831168831168,0.05032467532467533
119,grandtheftauto,0.18657937806873978,0.6006546644844517,0.16202945990180032,0.05073649754500818
120,megamanzero,0.22009569377990432,0.5661881977671451,0.1850079744816587,0.028708133971291867
121,fallout2,0.1934477379095164,0.6006240249609984,0.15756630265210608,0.0483619344773791
122,grandtheftautoiv,0.21141975308641975,0.5817901234567902,0.1728395061728395,0.033950617283950615
123,xenobladechronicles2,0.22119815668202766,0.5960061443932412,0.17357910906298002,0.009216589861751152
124,fategrandorder,0.23600605143721634,0.6399394856278366,0.10287443267776097,0.02118003025718608
125,pokemonrubyandsapphire,0.2047244094488189,0.5795275590551181,0.18110236220472442,0.03464566929133858
126,finalfantasyxv,0.22755417956656346,0.5743034055727554,0.1826625386996904,0.015479876160990712
127,bioshock1,0.18153364632237873,0.5805946791862285,0.18622848200312989,0.051643192488262914
128,left4dead,0.21490467937608318,0.5719237435008665,0.16984402079722705,0.043327556325823226
129,goldensun,0.1934931506849315,0.636986301369863,0.1541095890410959,0.015410958904109588
130,splatoon,0.23259493670886075,0.5727848101265823,0.15031645569620253,0.04430379746835443
131,metalgearrisingrevengeance,0.26633986928104575,0.511437908496732,0.1895424836601307,0.032679738562091505
132,genshinimpact,0.16612903225806452,0.6161290322580645,0.1935483870967742,0.024193548387096774
133,samuraishodown,0.2692307692307692,0.5635451505016722,0.15217391304347827,0.015050167224080268
134,baldursgate,0.23186119873817035,0.5977917981072555,0.15615141955835962,0.014195583596214511
135,xenobladechroniclesx,0.19412724306688417,0.5921696574225123,0.19575856443719414,0.01794453507340946
136,batmanarkhamknight,0.2791461412151067,0.47783251231527096,0.21018062397372742,0.03284072249589491
137,callofduty,0.17117117117117117,0.5675675675675675,0.19099099099099098,0.07027027027027027
138,perfectdark,0.16838487972508592,0.5859106529209622,0.17697594501718214,0.06872852233676977
139,kingdomheartsi,0.2238562091503268,0.553921568627451,0.19117647058823528,0.03104575163398693
140,pokemonredandblue,0.22530329289428075,0.5493934142114385,0.18890814558058924,0.036395147313691506
141,xcom2,0.14871794871794872,0.6,0.1829059829059829,0.06837606837606838
142,reddeadredemption,0.25884244372990356,0.5418006430868167,0.17041800643086816,0.028938906752411574
143,thelegendofzeldaalinktothepast,0.18664383561643835,0.6113013698630136,0.17294520547945205,0.02910958904109589
144,sengokubasara,0.2585034013605442,0.5901360544217688,0.13095238095238096,0.02040816326530612
145,metalgearsolidvthephantompain,0.23529411764705882,0.5098039215686274,0.20915032679738563,0.0457516339869281
146,borderlands,0.1541095890410959,0.6284246575342466,0.15753424657534246,0.059931506849315065
147,halflife,0.165,0.615,0.17666666666666667,0.043333333333333335
148,starcontrol,0.1836734693877551,0.5935374149659864,0.17857142857142858,0.04421768707482993
149,cyberpunk2077,0.2193126022913257,0.5859247135842881,0.14238952536824878,0.05237315875613748
150,finalfantasyxi,0.146218487394958,0.6890756302521008,0.14453781512605043,0.020168067226890758
151,prototype,0.19349005424954793,0.5786618444846293,0.18806509945750452,0.039783001808318265
152,dynastywarriors,0.23036649214659685,0.568935427574171,0.18673647469458987,0.013961605584642234
153,grandtheftautov,0.20168067226890757,0.6319327731092437,0.12436974789915967,0.04201680672268908
154,theelderscrollsonline,0.18821603927986907,0.6055646481178396,0.18657937806873978,0.019639934533551555
155,megamanstarforce,0.2408026755852843,0.560200668896321,0.17725752508361203,0.021739130434782608
156,shantae,0.23633156966490299,0.5520282186948854,0.19047619047619047,0.021164021164021163
157,supermariogalaxy,0.20689655172413793,0.5708812260536399,0.16475095785440613,0.05747126436781609
158,fireemblempathofradiance,0.2591304347826087,0.5704347826086956,0.1582608695652174,0.01217391304347826
159,darkestdungeon,0.15384615384615385,0.6547406082289803,0.16994633273703041,0.02146690518783542
160,darksoulsi,0.18374558303886926,0.6166077738515902,0.18374558303886926,0.015901060070671377
161,monsterhunter,0.1360153256704981,0.7279693486590039,0.10919540229885058,0.02681992337164751
162,xenogears,0.211864406779661,0.6050847457627119,0.16271186440677965,0.020338983050847456
163,thesecretworld,0.15614617940199335,0.6644518272425249,0.1345514950166113,0.044850498338870434
164,fireemblemtheblazingblade,0.2532588454376164,0.5810055865921788,0.16387337057728119,0.00186219739292365
165,splatoon2,0.21626297577854672,0.5536332179930796,0.18166089965397925,0.04844290657439446
166,assassinscreedii,0.20603907637655416,0.566607460035524,0.2024866785079929,0.02486678507992895
167,divinityoriginalsinii,0.151183970856102,0.644808743169399,0.18579234972677597,0.018214936247723135
168,diablo,0.13740458015267176,0.6927480916030534,0.15267175572519084,0.01717557251908397
169,talesseries,0.21968365553602812,0.6151142355008787,0.15817223198594024,0.007029876977152899
170,neverwinternights,0.19487179487179487,0.6427350427350428,0.14871794871794872,0.013675213675213675
171,fireemblemradiantdawn,0.2523191094619666,0.588126159554731,0.14285714285714285,0.016697588126159554
172,skiesofarcadia,0.19148936170212766,0.6436170212765957,0.14184397163120568,0.02304964539007092
173,nierautomata,0.2281639928698752,0.5294117647058824,0.21568627450980393,0.026737967914438502
174,haloreach,0.20802919708029197,0.5437956204379562,0.20072992700729927,0.04744525547445255
175,fallenlondon,0.17993079584775087,0.6332179930795848,0.1643598615916955,0.02249134948096886
176,pokemongoldandsilver,0.22141560798548093,0.573502722323049,0.17785843920145192,0.02722323049001815
177,valkyriachronicles,0.21530249110320285,0.5747330960854092,0.1708185053380783,0.03914590747330961
178,xenosaga,0.24695652173913044,0.5652173913043478,0.16521739130434782,0.022608695652173914
179,thesims,0.15724381625441697,0.6678445229681979,0.13250883392226148,0.04240282685512368
180,cityofvillains,0.148479427549195,0.6493738819320215,0.16279069767441862,0.03935599284436494
181,dishonored,0.19572953736654805,0.597864768683274,0.1797153024911032,0.026690391459074734
182,earthbound,0.19791666666666666,0.6128472222222222,0.14756944444444445,0.041666666666666664
183,warframe,0.12133072407045009,0.7201565557729941,0.09197651663405088,0.06653620352250489
184,hollowknight,0.16338582677165353,0.6023622047244095,0.20866141732283464,0.025590551181102362
185,portal,0.20689655172413793,0.5952813067150635,0.14337568058076225,0.0544464609800363
186,pokemonswordandshield,0.2025089605734767,0.5716845878136201,0.1971326164874552,0.02867383512544803
187,shinmegamitenseiiv,0.19011406844106463,0.5817490494296578,0.21102661596958175,0.017110266159695818
188,mortalkombat11,0.2826475849731664,0.49552772808586765,0.19499105545617174,0.026833631484794274
189,kingdomhearts3ddreamdropdistance,0.2391304347826087,0.5398550724637681,0.19746376811594202,0.02355072463768116
190,heroesofmightandmagic,0.13465346534653466,0.6732673267326733,0.16633663366336635,0.02574257425742574
191,residentevil6,0.21903052064631956,0.5565529622980251,0.18491921005385997,0.03949730700179533
192,supersmashbrosbrawl,0.24675324675324675,0.5417439703153989,0.16883116883116883,0.04267161410018553
193,assassinscreediii,0.2332089552238806,0.5205223880597015,0.22388059701492538,0.022388059701492536
194,jadeempire,0.2174721189591078,0.6115241635687733,0.1579925650557621,0.013011152416356878
195,supermario64,0.22857142857142856,0.5571428571428572,0.17551020408163265,0.03877551020408163
196,megamanzx,0.19734345351043645,0.5996204933586338,0.17647058823529413,0.026565464895635674
197,nethack,0.09523809523809523,0.7184265010351967,0.16770186335403728,0.018633540372670808
198,payday2,0.18546845124282982,0.5564053537284895,0.20650095602294455,0.05162523900573614
199,batmanarkhamasylum,0.21235521235521235,0.5482625482625483,0.20270270270270271,0.03667953667953668
200,thelegendofheroestrailsinthesky,0.2523364485981308,0.5364485981308411,0.19813084112149532,0.013084112149532711
201,etrianodyssey,0.1543340380549683,0.627906976744186,0.20718816067653276,0.010570824524312896
202,pokemondiamondandpearl,0.1897810218978102,0.614963503649635,0.16058394160583941,0.03467153284671533
203,darksoulsii,0.1388888888888889,0.6408730158730159,0.2003968253968254,0.01984126984126984
204,baldursgateii,0.20488721804511278,0.6109022556390977,0.16541353383458646,0.018796992481203006
205,supermariorpg,0.19498069498069498,0.5598455598455598,0.21042471042471042,0.03474903474903475
206,sonicthehedgehog2006,0.26653696498054474,0.5038910505836576,0.21011673151750973,0.019455252918287938
207,kirby,0.20040080160320642,0.5591182364729459,0.20841683366733466,0.03206412825651302
208,supermariobros,0.23346303501945526,0.5544747081712063,0.17704280155642024,0.03501945525291829
209,left4dead2,0.2082514734774067,0.5795677799607073,0.1650294695481336,0.047151277013752456
210,supermarioodyssey,0.20841683366733466,0.5430861723446894,0.19438877755511022,0.05410821643286573
211,nomoreheroes,0.2549407114624506,0.525691699604743,0.1857707509881423,0.03359683794466403
212,saintsrowiv,0.24489795918367346,0.5083487940630798,0.21150278293135436,0.03525046382189239
213,maplestory,0.1751412429378531,0.6139359698681732,0.1751412429378531,0.035781544256120526
214,dissidiafinalfantasy,0.2434077079107505,0.5841784989858012,0.15618661257606492,0.016227180527383367
215,firstencounterassaultrecon,0.1743486973947896,0.56312625250501,0.20040080160320642,0.06212424849699399
216,residentevil5,0.1950207468879668,0.5767634854771784,0.18464730290456433,0.043568464730290454
217,metalslug,0.18008474576271186,0.5932203389830508,0.1673728813559322,0.059322033898305086
218,assassinscreedodyssey,0.18888888888888888,0.5703703703703704,0.22777777777777777,0.012962962962962963
219,mortalkombatx,0.286527514231499,0.5180265654648957,0.174573055028463,0.020872865275142316
220,thesims3,0.15487571701720843,0.6921606118546845,0.13193116634799235,0.021032504780114723
221,goldensundarkdawn,0.22796934865900384,0.60727969348659,0.15517241379310345,0.009578544061302681
222,finalfantasyxiii2,0.20816326530612245,0.5469387755102041,0.23061224489795917,0.014285714285714285
223,superrobotwarsoriginalgeneration,0.2665330661322645,0.5390781563126252,0.16432865731462926,0.03006012024048096
224,doometernal,0.16632443531827515,0.5708418891170431,0.22176591375770022,0.04106776180698152
225,fzero,0.23929961089494164,0.5583657587548638,0.17704280155642024,0.02529182879377432
226,elsword,0.11572052401746726,0.7030567685589519,0.16375545851528384,0.017467248908296942
227,hyrulewarriors,0.22129436325678498,0.5741127348643006,0.18997912317327767,0.014613778705636743
228,eternaldarkness,0.13319672131147542,0.6168032786885246,0.22131147540983606,0.028688524590163935
229,oracleoftao,0.2084130019120459,0.5946462715105163,0.18738049713193117,0.009560229445506692
230,dragonquestviii,0.166,0.608,0.214,0.012
231,halo4,0.21193415637860083,0.5411522633744856,0.19753086419753085,0.04938271604938271
232,heroesofthestorm,0.18055555555555555,0.6091269841269841,0.17857142857142858,0.031746031746031744
233,disgaeahourofdarkness,0.2600806451612903,0.5362903225806451,0.19153225806451613,0.012096774193548387
234,yakuza,0.27710843373493976,0.5562248995983936,0.15461847389558234,0.012048192771084338
235,projectxzone,0.2366412213740458,0.5687022900763359,0.17557251908396945,0.019083969465648856
236,halo,0.1854043392504931,0.5483234714003945,0.22485207100591717,0.04142011834319527
237,arcanumofsteamworksandmagickobscura,0.14432989690721648,0.643298969072165,0.18144329896907216,0.030927835051546393
238,maxpayne2thefallofmaxpayne,0.25691699604743085,0.48023715415019763,0.23122529644268774,0.03162055335968379
239,saintsrow2,0.22309197651663404,0.5577299412915852,0.18395303326810175,0.03522504892367906
240,finalfantasyviiremake,0.2583170254403131,0.5420743639921722,0.18590998043052837,0.0136986301369863
241,perfectdarkzero,0.16032064128256512,0.5851703406813628,0.19238476953907815,0.06212424849699399
242,gearsofwar2,0.17647058823529413,0.5189075630252101,0.2542016806722689,0.05042016806722689
243,castlevaniasymphonyofthenight,0.18791946308724833,0.5995525727069351,0.203579418344519,0.008948545861297539
244,startrekonline,0.16736401673640167,0.6778242677824268,0.100418410041841,0.05439330543933055
245,horizonzerodawn,0.1710794297352342,0.6089613034623218,0.17515274949083504,0.04480651731160896
246,halo3,0.17796610169491525,0.5677966101694916,0.19491525423728814,0.059322033898305086
247,neverwinternights2,0.1696969696969697,0.6585858585858586,0.15353535353535352,0.01818181818181818
248,iji,0.18502202643171806,0.5484581497797357,0.22246696035242292,0.04405286343612335
249,specopstheline,0.28289473684210525,0.45614035087719296,0.23026315789473684,0.03070175438596491
250,shovelknight,0.21663019693654267,0.5317286652078774,0.23413566739606126,0.0175054704595186
251,punchout,0.28982300884955753,0.5110619469026548,0.18584070796460178,0.01327433628318584
252,samandmaxfreelancepolice,0.26141078838174275,0.553941908713693,0.15145228215767634,0.03319502074688797
253,shadowhearts,0.24335378323108384,0.5501022494887525,0.19427402862985685,0.012269938650306749
254,marioparty,0.22851153039832284,0.5010482180293501,0.19916142557651992,0.07127882599580712
255,halocombatevolved,0.17960088691796008,0.5853658536585366,0.18181818181818182,0.05321507760532151
256,hades,0.22795698924731184,0.578494623655914,0.17634408602150536,0.017204301075268817
257,papermario,0.19088937093275488,0.5770065075921909,0.18655097613882862,0.0455531453362256
258,devilmaycry5,0.24572649572649571,0.5064102564102564,0.21581196581196582,0.03205128205128205
259,fallout1,0.17197452229299362,0.5923566878980892,0.19532908704883228,0.040339702760084924
260,shadowrunreturns,0.18089430894308944,0.5487804878048781,0.22967479674796748,0.04065040650406504
261,shinmegamitenseistrangejourney,0.17672413793103448,0.584051724137931,0.20689655172413793,0.032327586206896554
262,nier,0.22268907563025211,0.5399159663865546,0.226890756302521,0.01050420168067227
263,discoelysium,0.23529411764705882,0.565922920892495,0.17647058823529413,0.02231237322515213
264,puyopuyo,0.2809224318658281,0.5073375262054507,0.18238993710691823,0.029350104821802937
265,farcry3,0.19654427645788336,0.5485961123110151,0.20950323974082075,0.04535637149028078
266,residentevil2,0.226215644820296,0.547568710359408,0.18816067653276955,0.03805496828752643
267,dragonquestix,0.18471337579617833,0.6220806794055201,0.18259023354564755,0.010615711252653927
268,halo2,0.17233560090702948,0.5736961451247166,0.19501133786848074,0.05895691609977324
269,dota2,0.16411378555798686,0.6367614879649891,0.175054704595186,0.024070021881838075
270,masseffectandromeda,0.22310756972111553,0.6254980079681275,0.10756972111553785,0.043824701195219126
271,warioware,0.2623655913978495,0.5032258064516129,0.1827956989247312,0.05161290322580645
272,batmanarkhamorigins,0.2832618025751073,0.44206008583690987,0.23605150214592274,0.03862660944206009
273,godofwarbetrayal,0.2857142857142857,0.4725274725274725,0.23736263736263735,0.004395604395604396
274,metalgearsolidpeacewalker,0.26834381551362685,0.47379454926624737,0.2222222222222222,0.03563941299790356
275,bravelydefault,0.21518987341772153,0.5506329113924051,0.21940928270042195,0.014767932489451477
276,trialsofmana,0.1943231441048035,0.6179039301310044,0.17685589519650655,0.010917030567685589
277,bully,0.21232876712328766,0.5662100456621004,0.1963470319634703,0.02511415525114155
278,ftlfasterthanlight,0.12009803921568628,0.6176470588235294,0.21323529411764705,0.049019607843137254
279,lifeisstrange,0.27155172413793105,0.5064655172413793,0.1939655172413793,0.028017241379310345
280,asuraswrath,0.23653395784543327,0.5386416861826698,0.20843091334894615,0.01639344262295082
281,paladins,0.15843621399176955,0.6604938271604939,0.14814814814814814,0.03292181069958848
282,spore,0.11231101511879049,0.6501079913606912,0.1771058315334773,0.06047516198704104
283,halflife1,0.1425339366515837,0.5995475113122172,0.19230769230769232,0.06561085972850679
284,diabloiii,0.17555555555555555,0.68,0.11333333333333333,0.03111111111111111
285,shinmegamitenseiiiinocturne,0.20967741935483872,0.5506912442396313,0.22811059907834103,0.01152073732718894
286,bioshock2,0.17419354838709677,0.5741935483870968,0.2086021505376344,0.043010752688172046
287,conkersbadfurday,0.21238938053097345,0.5486725663716814,0.17699115044247787,0.061946902654867256
288,darksoulsiii,0.1480637813211845,0.6104783599088838,0.22323462414578588,0.018223234624145785
289,dungeonfighteronline,0.20449438202247192,0.5595505617977528,0.21123595505617979,0.024719101123595506
290,inazumaeleven,0.2987012987012987,0.5086580086580087,0.18398268398268397,0.008658008658008658
291,splintercell,0.24384787472035793,0.48769574944071586,0.21476510067114093,0.053691275167785234
292,thesims2,0.1729957805907173,0.679324894514768,0.12025316455696203,0.027426160337552744
293,metroid,0.18872017353579176,0.5813449023861171,0.2039045553145336,0.026030368763557483
294,pokemonblack2andwhite2,0.23178807947019867,0.5099337748344371,0.23841059602649006,0.019867549668874173
295,ninjagaiden,0.2091346153846154,0.5889423076923077,0.18509615384615385,0.016826923076923076
296,terraria,0.09898477157360407,0.7360406091370558,0.12436548223350254,0.04060913705583756
297,godofwarps4,0.2676991150442478,0.5110619469026548,0.21460176991150443,0.00663716814159292
298,commandandconquerredalert3,0.16853932584269662,0.5685393258426966,0.19101123595505617,0.07191011235955057
299,littlebigplanet,0.22273781902552203,0.5591647331786543,0.18097447795823665,0.037122969837587005
300,dragonsdogma,0.16891891891891891,0.6306306306306306,0.19144144144144143,0.009009009009009009
301,skullgirls,0.19777777777777777,0.6,0.16444444444444445,0.03777777777777778
302,destiny,0.13695652173913042,0.6565217391304348,0.18043478260869567,0.02608695652173913
303,hitman2016,0.25,0.5021367521367521,0.202991452991453,0.04487179487179487
304,farcry5,0.18222222222222223,0.54,0.23333333333333334,0.044444444444444446
305,assassinscreedbrotherhood,0.22510822510822512,0.5411255411255411,0.21428571428571427,0.01948051948051948
306,ghosttrick,0.2529274004683841,0.5175644028103045,0.19437939110070257,0.0351288056206089
307,supermarioworld,0.19035532994923857,0.5431472081218274,0.19796954314720813,0.06852791878172589
308,deadrising,0.19679633867276888,0.5583524027459954,0.21739130434782608,0.02745995423340961
309,lamulana,0.18229166666666666,0.5911458333333334,0.20833333333333334,0.018229166666666668
310,mechwarrior,0.16317016317016317,0.5407925407925408,0.21445221445221446,0.08158508158508158
311,sonic3andknuckles,0.18814432989690721,0.5257731958762887,0.25,0.03608247422680412
312,fireemblemgaiden,0.24885844748858446,0.5502283105022832,0.1872146118721461,0.0136986301369863
313,sonicunleashed,0.23990498812351543,0.5558194774346793,0.166270783847981,0.03800475059382423
314,sonicheroes,0.2425629290617849,0.5491990846681922,0.17848970251716248,0.029748283752860413
315,supermariogalaxy2,0.1794871794871795,0.5820512820512821,0.18205128205128204,0.05641025641025641
316,streetsofrage,0.2222222222222222,0.5509259259259259,0.19907407407407407,0.027777777777777776
317,thelegendofzeldaoraclegames,0.16028708133971292,0.6244019138755981,0.18421052631578946,0.03110047846889952
318,finalfantasyi,0.17733990147783252,0.6157635467980296,0.19458128078817735,0.012315270935960592
319,trailsseries,0.2222222222222222,0.5688888888888889,0.18666666666666668,0.022222222222222223
320,fireemblemgenealogyoftheholywar,0.2433734939759036,0.5566265060240964,0.19036144578313252,0.00963855421686747
321,fatalfury,0.27230046948356806,0.5704225352112676,0.15258215962441316,0.004694835680751174
322,senrankagura,0.2689655172413793,0.5379310344827586,0.1839080459770115,0.009195402298850575
323,borderlandsthepresequel,0.20665083135391923,0.503562945368171,0.2327790973871734,0.057007125890736345
324,metroidprime,0.1571072319201995,0.5985037406483791,0.20199501246882792,0.04239401496259352
325,castlevaniachroniclesofsorrow,0.220873786407767,0.5412621359223301,0.22330097087378642,0.014563106796116505
326,assassinscreedivblackflag,0.2202247191011236,0.5393258426966292,0.22247191011235956,0.017977528089887642
327,control,0.2153846153846154,0.5516483516483517,0.18021978021978022,0.05274725274725275
328,miitopia,0.1873589164785553,0.5733634311512416,0.1963882618510158,0.04288939051918736
329,marioandluigibowsersinsidestory,0.23444976076555024,0.5191387559808612,0.22248803827751196,0.023923444976076555
330,finalfantasyii,0.1770573566084788,0.6159600997506235,0.20199501246882792,0.004987531172069825
331,stellaris,0.10644257703081232,0.7254901960784313,0.10364145658263306,0.06442577030812324
332,titanquest,0.10539845758354756,0.6915167095115681,0.19023136246786632,0.012853470437017995
333,middleearthshadowofwar,0.2371638141809291,0.45965770171149145,0.293398533007335,0.009779951100244499
334,borderlands1,0.13106796116504854,0.5800970873786407,0.22572815533980584,0.06310679611650485
335,supermario3dworld,0.22015915119363394,0.5225464190981433,0.20954907161803712,0.04774535809018567
336,alanwake,0.2273781902552204,0.5452436194895591,0.19489559164733178,0.03248259860788863
337,mortalkombat9,0.2751196172248804,0.5143540669856459,0.18660287081339713,0.023923444976076555
338,ensemblestars,0.3161764705882353,0.5147058823529411,0.15931372549019607,0.00980392156862745
339,skylanders,0.17848970251716248,0.5789473684210527,0.2151029748283753,0.02745995423340961
340,deadrising2,0.21513002364066194,0.5460992907801419,0.21040189125295508,0.028368794326241134
341,marioandluigidreamteam,0.18961038961038962,0.5584415584415584,0.23116883116883116,0.02077922077922078
342,shadowthehedgehog,0.22985781990521326,0.5023696682464455,0.22985781990521326,0.037914691943127965
343,spidermanps4,0.2863741339491917,0.46882217090069284,0.22401847575057737,0.020785219399538105
344,supermariosunshine,0.21951219512195122,0.5292682926829269,0.1951219512195122,0.05609756097560976
345,thelegendofzeldaalinkbetweenworlds,0.21014492753623187,0.5579710144927537,0.21497584541062803,0.016908212560386472
346,nintendowars,0.22807017543859648,0.5288220551378446,0.21303258145363407,0.03007518796992481
347,doom2016,0.16981132075471697,0.5495283018867925,0.2240566037735849,0.05660377358490566
348,sidmeiersalphacentauri,0.13970588235294118,0.6421568627450981,0.15931372549019607,0.058823529411764705
349,marioandluigisuperstarsaga,0.1925925925925926,0.5555555555555556,0.21975308641975308,0.03209876543209877
350,devilsurvivor,0.2318840579710145,0.5217391304347826,0.22946859903381642,0.016908212560386472
351,digitaldevilsaga,0.1778846153846154,0.5985576923076923,0.2091346153846154,0.014423076923076924
352,boxxyquestthegatheringstorm,0.20813397129186603,0.5813397129186603,0.19138755980861244,0.019138755980861243
353,alphaprotocol,0.23414634146341465,0.5048780487804878,0.22195121951219512,0.03902439024390244
354,deadoralive,0.2631578947368421,0.5614035087719298,0.16541353383458646,0.010025062656641603
355,fireemblemthesacredstones,0.26119402985074625,0.5597014925373134,0.16666666666666666,0.012437810945273632
356,heavyrain,0.290167865707434,0.5083932853717026,0.1750599520383693,0.026378896882494004
357,fivenightsatfreddys,0.2456575682382134,0.533498759305211,0.18114143920595532,0.03970223325062035
358,hitman2,0.19184652278177458,0.5467625899280576,0.22541966426858512,0.03597122302158273
359,disgaea2cursedmemories,0.2033096926713948,0.5602836879432624,0.22458628841607564,0.01182033096926714
360,streetfighterv,0.26150121065375304,0.549636803874092,0.16707021791767554,0.021791767554479417
361,crisiscore,0.2458628841607565,0.5200945626477541,0.2198581560283688,0.014184397163120567
362,supermetroid,0.1827956989247312,0.5725806451612904,0.21774193548387097,0.026881720430107527
363,farcry4,0.18811881188118812,0.556930693069307,0.21534653465346534,0.039603960396039604
364,devilmaycry4,0.21012658227848102,0.5772151898734177,0.1949367088607595,0.017721518987341773
365,marvelvscapcom3,0.2641025641025641,0.5461538461538461,0.15897435897435896,0.03076923076923077
366,thelegendofzeldalinksawakening,0.17553191489361702,0.5877659574468085,0.2154255319148936,0.02127659574468085
367,kingdomhearts358daysover2,0.2315270935960591,0.5147783251231527,0.23645320197044334,0.017241379310344827
368,batenkaitos,0.21674876847290642,0.5640394088669951,0.20935960591133004,0.009852216748768473
369,deadspace,0.11139240506329114,0.6253164556962025,0.19746835443037974,0.06582278481012659
370,papermario64,0.1875,0.545,0.23,0.0375
371,drakengard,0.22249388753056235,0.5574572127139364,0.2176039119804401,0.0024449877750611247
372,saintsrow,0.22146118721461186,0.547945205479452,0.1917808219178082,0.03881278538812785
373,superrobotwarsz,0.25118483412322273,0.5071090047393365,0.22511848341232227,0.016587677725118485
374,mariokart,0.21122994652406418,0.5374331550802139,0.18449197860962566,0.06684491978609626
375,totalwarwarhammer,0.16020671834625322,0.6020671834625323,0.19896640826873385,0.03875968992248062
376,metroidprime3corruption,0.14432989690721648,0.5773195876288659,0.22938144329896906,0.04896907216494845
377,dontstarve,0.1315136476426799,0.6972704714640199,0.1588089330024814,0.01240694789081886
378,metroidotherm,0.2531328320802005,0.5137844611528822,0.20050125313283207,0.03258145363408521
379,thelegendofheroestrailsfromzeroandtrailstoazure,0.2169811320754717,0.5801886792452831,0.17688679245283018,0.025943396226415096
380,lanoire,0.24744897959183673,0.49744897959183676,0.22448979591836735,0.030612244897959183
381,wingcommander,0.15503875968992248,0.6330749354005168,0.17054263565891473,0.041343669250646
382,thelegendofzeldaspirittracks,0.21173469387755103,0.5586734693877551,0.20153061224489796,0.02806122448979592
383,prototype2,0.1760204081632653,0.5510204081632653,0.2372448979591837,0.03571428571428571
384,megamanlegends,0.18925831202046037,0.5754475703324808,0.18925831202046037,0.04603580562659847
385,disgaea4apromiseunforgotten,0.2347417840375587,0.5328638497652582,0.20657276995305165,0.025821596244131457
386,yakuza0,0.2649164677804296,0.5155131264916468,0.20763723150357996,0.011933174224343675
387,kingdomheartschainofmemories,0.27040816326530615,0.4846938775510204,0.22448979591836735,0.02040816326530612
388,dragonquestv,0.20153061224489796,0.625,0.16326530612244897,0.01020408163265306
389,thebindingofisaac,0.16363636363636364,0.561038961038961,0.24155844155844156,0.033766233766233764
390,pillarsofeternity,0.19548872180451127,0.6115288220551378,0.18045112781954886,0.012531328320802004
391,metroidprimetrilogy,0.13192612137203166,0.6068601583113457,0.22163588390501318,0.0395778364116095
392,theelderscrollsiidaggerfall,0.16,0.64,0.19,0.01
393,demonssouls,0.12637362637362637,0.6428571428571429,0.21703296703296704,0.013736263736263736
394,donkeykong64,0.19487179487179487,0.5615384615384615,0.17435897435897435,0.06923076923076923
395,shinmegamitenseiivapocalypse,0.19839142091152814,0.5093833780160858,0.27882037533512066,0.013404825737265416
396,finalfantasyiii,0.16321243523316062,0.6502590673575129,0.17098445595854922,0.015544041450777202
397,persona4arena,0.2524271844660194,0.5388349514563107,0.18932038834951456,0.019417475728155338
398,grandtheftautovicecity,0.20202020202020202,0.547979797979798,0.20959595959595959,0.04040404040404041
399,stardewvalley,0.15903614457831325,0.653012048192771,0.15421686746987953,0.033734939759036145
400,arknights,0.1905940594059406,0.6089108910891089,0.1707920792079208,0.0297029702970297
401,fortnite,0.18048780487804877,0.6024390243902439,0.18292682926829268,0.03414634146341464
402,metroidfusion,0.18155619596541786,0.5619596541786743,0.23631123919308358,0.020172910662824207
403,secretofmana,0.1484375,0.6380208333333334,0.20572916666666666,0.0078125
404,halo5guardians,0.2366412213740458,0.49363867684478374,0.21374045801526717,0.05597964376590331
405,cuphead,0.20485175202156333,0.5525606469002695,0.18328840970350405,0.05929919137466307
406,disgaea3absenceofjustice,0.25510204081632654,0.548469387755102,0.17857142857142858,0.017857142857142856
407,hearthstoneheroesofwarcraft,0.19302949061662197,0.5415549597855228,0.24396782841823056,0.021447721179624665
408,radianthistoria,0.20707070707070707,0.5808080808080808,0.19444444444444445,0.017676767676767676
409,scribblenauts,0.15892420537897312,0.6356968215158925,0.16381418092909536,0.04156479217603912
410,catherine,0.289002557544757,0.4961636828644501,0.19437340153452684,0.020460358056265986
