i_doc,doc,Topic 1,Topic 2,Topic 3,Topic 4,Topic 5,Topic 6,Topic 7,Topic 8
0,a3,0.2773109243697479,0.15966386554621848,0.06722689075630252,0.3697478991596639,0.08403361344537816,0.025210084033613446,0.008403361344537815,0.008403361344537815
1,abearsnightout,0.0,0.4,0.26666666666666666,0.13333333333333333,0.06666666666666667,0.0,0.06666666666666667,0.06666666666666667
2,ablindlegend,0.0,0.5,0.0,0.25,0.25,0.0,0.0,0.0
3,aboyandhisblob,0.0547945205479452,0.363013698630137,0.15753424657534246,0.2671232876712329,0.02054794520547945,0.0273972602739726,0.0547945205479452,0.0547945205479452
4,achangeintheweather,0.0,0.8571428571428571,0.0,0.0,0.0,0.0,0.0,0.14285714285714285
5,adarkroom,0.0,0.35714285714285715,0.09523809523809523,0.2857142857142857,0.023809523809523808,0.07142857142857142,0.09523809523809523,0.07142857142857142
6,afkarena,0.03571428571428571,0.35714285714285715,0.08928571428571429,0.25,0.03571428571428571,0.19642857142857142,0.017857142857142856,0.017857142857142856
7,afinalunity,0.0196078431372549,0.1568627450980392,0.06862745098039216,0.46078431372549017,0.10784313725490197,0.029411764705882353,0.12745098039215685,0.029411764705882353
8,agameofconcentration,0.0,0.42857142857142855,0.0,0.0,0.0,0.0,0.14285714285714285,0.42857142857142855
9,agameofthronesgenesis,0.15,0.3,0.05,0.15,0.0,0.15,0.15,0.05
10,agirladrift,0.05714285714285714,0.4,0.17142857142857143,0.14285714285714285,0.02857142857142857,0.02857142857142857,0.11428571428571428,0.05714285714285714
11,ahatintime,0.07816711590296496,0.261455525606469,0.09703504043126684,0.40700808625336926,0.0646900269541779,0.03773584905660377,0.0431266846361186,0.01078167115902965
12,ahintofatint,0.14754098360655737,0.22950819672131148,0.04918032786885246,0.3442622950819672,0.13114754098360656,0.04918032786885246,0.01639344262295082,0.03278688524590164
13,ahomefaraway,0.015384615384615385,0.3384615384615385,0.2,0.26153846153846155,0.046153846153846156,0.1076923076923077,0.015384615384615385,0.015384615384615385
14,ahouseofmanydoors,0.03389830508474576,0.15254237288135594,0.059322033898305086,0.4745762711864407,0.17796610169491525,0.025423728813559324,0.05084745762711865,0.025423728813559324
15,aidungeon,0.0,1.0,0.0,0.0,0.0,0.0,0.0,0.0
16,aidungeon2,0.055944055944055944,0.24475524475524477,0.02097902097902098,0.3916083916083916,0.13286713286713286,0.06993006993006994,0.04195804195804196,0.04195804195804196
17,aithesomniumfiles,0.128,0.124,0.048,0.528,0.132,0.004,0.016,0.02
18,ajugglerstale,0.0,0.0,0.2,0.4,0.0,0.0,0.0,0.4
19,akingstalefinalfantasyxv,0.034482758620689655,0.3448275862068966,0.0,0.10344827586206896,0.0,0.3103448275862069,0.034482758620689655,0.1724137931034483
20,alegionarystale,0.04878048780487805,0.0975609756097561,0.0,0.6097560975609756,0.21951219512195122,0.0,0.024390243902439025,0.0
21,amindforevervoyaging,0.012048192771084338,0.12048192771084337,0.03614457831325301,0.5542168674698795,0.18072289156626506,0.0,0.04819277108433735,0.04819277108433735
22,anewbeginning,0.0625,0.09375,0.03125,0.4375,0.25,0.0,0.03125,0.09375
23,anightmareonelmstreetnes,0.0,0.4444444444444444,0.07407407407407407,0.18518518518518517,0.07407407407407407,0.1111111111111111,0.0,0.1111111111111111
24,anightmareonelmstreetpc,0.0,0.47058823529411764,0.058823529411764705,0.11764705882352941,0.0,0.11764705882352941,0.0,0.23529411764705882
25,anoblecircle,0.0,0.3,0.06666666666666667,0.3333333333333333,0.1,0.06666666666666667,0.03333333333333333,0.1
26,anormallostphone,0.4,0.05,0.1,0.2,0.1,0.0,0.0,0.15
27,aplaguetaleinnocence,0.06134969325153374,0.17791411042944785,0.04294478527607362,0.49693251533742333,0.15950920245398773,0.018404907975460124,0.03067484662576687,0.012269938650306749
28,aprestigetreemodaboutmerging,0.0,0.3,0.0,0.0,0.1,0.2,0.1,0.3
29,arksurvivalevolved,0.022727272727272728,0.38181818181818183,0.14545454545454545,0.20909090909090908,0.03636363636363636,0.10454545454545454,0.07727272727272727,0.022727272727272728
30,arms,0.13725490196078433,0.2549019607843137,0.05228758169934641,0.26143790849673204,0.013071895424836602,0.19607843137254902,0.0457516339869281,0.0392156862745098
31,arobotnamedfight,0.030303030303030304,0.3939393939393939,0.09090909090909091,0.2727272727272727,0.06060606060606061,0.12121212121212122,0.030303030303030304,0.0
32,aroseinthetwilight,0.08333333333333333,0.3055555555555556,0.05555555555555555,0.3333333333333333,0.1111111111111111,0.027777777777777776,0.027777777777777776,0.05555555555555555
33,asecondface,0.08333333333333333,0.125,0.041666666666666664,0.4583333333333333,0.16666666666666666,0.041666666666666664,0.0,0.08333333333333333
34,aseriesofunfortunateevents2004,0.038461538461538464,0.2692307692307692,0.07692307692307693,0.38461538461538464,0.07692307692307693,0.038461538461538464,0.038461538461538464,0.07692307692307693
35,ashorthike,0.0,0.375,0.16666666666666666,0.25,0.08333333333333333,0.08333333333333333,0.0,0.041666666666666664
36,asmallfavor,0.07692307692307693,0.3076923076923077,0.07692307692307693,0.46153846153846156,0.0,0.0,0.0,0.07692307692307693
37,asmalltalkatthebackofbeyond,0.045454545454545456,0.13636363636363635,0.0,0.5,0.18181818181818182,0.0,0.09090909090909091,0.045454545454545456
38,aspacefortheunbound,0.0,0.0,0.0,0.0,0.0,0.0,0.0,1.0
39,astoryaboutmyuncle,0.027777777777777776,0.4444444444444444,0.1111111111111111,0.2222222222222222,0.05555555555555555,0.0,0.08333333333333333,0.05555555555555555
40,astudyinsteampunk,0.10810810810810811,0.08108108108108109,0.013513513513513514,0.527027027027027,0.16216216216216217,0.05405405405405406,0.04054054054054054,0.013513513513513514
41,ataleoftwokingdoms,0.08247422680412371,0.1958762886597938,0.05154639175257732,0.41237113402061853,0.10309278350515463,0.061855670103092786,0.05154639175257732,0.041237113402061855
42,atechcybernetic,0.0,0.18181818181818182,0.09090909090909091,0.09090909090909091,0.09090909090909091,0.18181818181818182,0.0,0.36363636363636365
43,atimelessstory,0.3902439024390244,0.024390243902439025,0.024390243902439025,0.43902439024390244,0.0975609756097561,0.0,0.0,0.024390243902439025
44,avalleywithoutwind,0.0,0.3103448275862069,0.034482758620689655,0.27586206896551724,0.10344827586206896,0.10344827586206896,0.10344827586206896,0.06896551724137931
45,avalleywithoutwind2,0.0,0.3125,0.03125,0.5,0.03125,0.125,0.0,0.0
46,avampyrestory,0.11538461538461539,0.11538461538461539,0.10576923076923077,0.5384615384615384,0.07692307692307693,0.028846153846153848,0.0,0.019230769230769232
47,averylongropetothetopofthesky,0.07364341085271318,0.2131782945736434,0.07751937984496124,0.3372093023255814,0.09302325581395349,0.1124031007751938,0.07751937984496124,0.015503875968992248
48,avirusnamedtom,0.0,0.3333333333333333,0.0,0.2777777777777778,0.1111111111111111,0.1111111111111111,0.05555555555555555,0.1111111111111111
49,awalkinthewoods,0.07142857142857142,0.2857142857142857,0.14285714285714285,0.21428571428571427,0.21428571428571427,0.0,0.0,0.07142857142857142
50,awayout,0.0707070707070707,0.15151515151515152,0.06060606060606061,0.5959595959595959,0.08080808080808081,0.04040404040404041,0.0,0.0
51,awaytobedead,0.0,0.07692307692307693,0.07692307692307693,0.3076923076923077,0.3076923076923077,0.0,0.0,0.23076923076923078
52,awitchstale,0.15217391304347827,0.2391304347826087,0.14130434782608695,0.2608695652173913,0.06521739130434782,0.08695652173913043,0.03260869565217391,0.021739130434782608
53,aaaaaaaaaaaaaaaaaaaaaaaaaarecklessdisregardforgravity,0.0625,0.40625,0.0,0.4375,0.03125,0.03125,0.0,0.03125
54,abadox,0.02631578947368421,0.3157894736842105,0.07894736842105263,0.15789473684210525,0.15789473684210525,0.13157894736842105,0.02631578947368421,0.10526315789473684
55,abalaburn,0.041666666666666664,0.375,0.16666666666666666,0.0,0.08333333333333333,0.20833333333333334,0.041666666666666664,0.08333333333333333
56,abandonship,0.018518518518518517,0.2037037037037037,0.05555555555555555,0.4074074074074074,0.12962962962962962,0.09259259259259259,0.05555555555555555,0.037037037037037035
57,aberoth,0.0,0.4782608695652174,0.0,0.13043478260869565,0.0,0.2608695652173913,0.08695652173913043,0.043478260869565216
58,abmneshitheprophecy,0.0,0.4583333333333333,0.125,0.08333333333333333,0.0,0.20833333333333334,0.0,0.125
59,abominationthenemesisproject,0.0,0.1935483870967742,0.06451612903225806,0.2903225806451613,0.1935483870967742,0.0967741935483871,0.16129032258064516,0.0
60,absolutepinball,0.0,0.35714285714285715,0.07142857142857142,0.21428571428571427,0.14285714285714285,0.0,0.0,0.21428571428571427
61,absolver,0.05128205128205128,0.358974358974359,0.02564102564102564,0.1794871794871795,0.0,0.2564102564102564,0.02564102564102564,0.10256410256410256
62,abuse,0.0,0.45161290322580644,0.11290322580645161,0.12903225806451613,0.0967741935483871,0.08064516129032258,0.04838709677419355,0.08064516129032258
63,abyssodyssey,0.08196721311475409,0.2459016393442623,0.04918032786885246,0.3770491803278688,0.09836065573770492,0.08196721311475409,0.01639344262295082,0.04918032786885246
64,abzu,0.06779661016949153,0.3220338983050847,0.1016949152542373,0.3389830508474576,0.03389830508474576,0.03389830508474576,0.06779661016949153,0.03389830508474576
65,acaratus,0.0,0.2727272727272727,0.0,0.2727272727272727,0.045454545454545456,0.3181818181818182,0.09090909090909091,0.0
66,accounting,0.0425531914893617,0.3617021276595745,0.0,0.44680851063829785,0.0851063829787234,0.0,0.0425531914893617,0.02127659574468085
67,acecombat,0.037142857142857144,0.22285714285714286,0.04,0.3942857142857143,0.11714285714285715,0.09714285714285714,0.07714285714285714,0.014285714285714285
68,acecombat04shatteredskies,0.05405405405405406,0.24864864864864866,0.04864864864864865,0.3621621621621622,0.11891891891891893,0.05405405405405406,0.0972972972972973,0.016216216216216217
69,acecombat2,0.013888888888888888,0.2638888888888889,0.06944444444444445,0.3194444444444444,0.09722222222222222,0.125,0.06944444444444445,0.041666666666666664
70,acecombat3electrosphere,0.023668639053254437,0.1893491124260355,0.023668639053254437,0.4260355029585799,0.15976331360946747,0.05325443786982249,0.09467455621301775,0.029585798816568046
71,acecombat5theunsungwar,0.03819444444444445,0.18055555555555555,0.03819444444444445,0.4583333333333333,0.11805555555555555,0.06597222222222222,0.08680555555555555,0.013888888888888888
72,acecombat6firesofliberation,0.04419889502762431,0.2430939226519337,0.022099447513812154,0.40331491712707185,0.11602209944751381,0.07734806629834254,0.06629834254143646,0.027624309392265192
73,acecombat7skiesunknown,0.02425876010781671,0.19946091644204852,0.026954177897574125,0.4609164420485175,0.12668463611859837,0.07547169811320754,0.07277628032345014,0.013477088948787063
74,acecombatassaulthorizon,0.026143790849673203,0.24836601307189543,0.0392156862745098,0.40522875816993464,0.06535947712418301,0.10457516339869281,0.08496732026143791,0.026143790849673203
75,acecombatassaulthorizonlegacy,0.009615384615384616,0.3269230769230769,0.038461538461538464,0.25961538461538464,0.125,0.14423076923076922,0.0673076923076923,0.028846153846153848
76,acecombatinfinity,0.0707070707070707,0.23232323232323232,0.020202020202020204,0.3939393939393939,0.09090909090909091,0.11616161616161616,0.05555555555555555,0.020202020202020204
77,acecombatjointassault,0.015625,0.34375,0.046875,0.328125,0.0625,0.109375,0.046875,0.046875
78,acecombatnorthernwings,0.045454545454545456,0.36363636363636365,0.045454545454545456,0.2727272727272727,0.09090909090909091,0.0,0.045454545454545456,0.13636363636363635
79,acecombatxskiesofdeception,0.021052631578947368,0.23157894736842105,0.031578947368421054,0.3894736842105263,0.10526315789473684,0.08421052631578947,0.09473684210526316,0.042105263157894736
80,acecombatzerothebelkanwar,0.03272727272727273,0.18181818181818182,0.03272727272727273,0.4509090909090909,0.13818181818181818,0.06909090909090909,0.07636363636363637,0.01818181818181818
81,acefishing,0.11764705882352941,0.38235294117647056,0.11764705882352941,0.2647058823529412,0.0,0.11764705882352941,0.0,0.0
82,aceonline,0.015267175572519083,0.37404580152671757,0.061068702290076333,0.13740458015267176,0.03816793893129771,0.21374045801526717,0.15267175572519084,0.007633587786259542
83,aceswildmanicbrawlingaction,0.0,0.5217391304347826,0.08695652173913043,0.043478260869565216,0.0,0.2608695652173913,0.043478260869565216,0.043478260869565216
84,achaea,0.033707865168539325,0.2696629213483146,0.011235955056179775,0.2808988764044944,0.15730337078651685,0.19101123595505617,0.033707865168539325,0.02247191011235955
85,achievementunlocked,0.03773584905660377,0.49056603773584906,0.1509433962264151,0.2641509433962264,0.0,0.018867924528301886,0.0,0.03773584905660377
86,aconcagua,0.0625,0.0625,0.1875,0.25,0.3125,0.0,0.0,0.125
87,acornstory,0.0,0.29411764705882354,0.11764705882352941,0.35294117647058826,0.058823529411764705,0.058823529411764705,0.058823529411764705,0.058823529411764705
88,actofaggression,0.01639344262295082,0.14754098360655737,0.01639344262295082,0.2786885245901639,0.11475409836065574,0.21311475409836064,0.18032786885245902,0.03278688524590164
89,action52,0.022857142857142857,0.4057142857142857,0.16,0.21714285714285714,0.02857142857142857,0.05142857142857143,0.022857142857142857,0.09142857142857143
90,actionfish,0.0,0.14285714285714285,0.19047619047619047,0.38095238095238093,0.19047619047619047,0.0,0.047619047619047616,0.047619047619047616
91,actionmax,0.0,1.0,0.0,0.0,0.0,0.0,0.0,0.0
92,adverbum,0.0,0.3125,0.1875,0.3125,0.0625,0.0625,0.0,0.0625
93,adr1ft,0.0,0.36363636363636365,0.0,0.2727272727272727,0.09090909090909091,0.09090909090909091,0.09090909090909091,0.09090909090909091
94,advancedvariablegeo,0.3129251700680272,0.1292517006802721,0.034013605442176874,0.3129251700680272,0.08163265306122448,0.08163265306122448,0.013605442176870748,0.034013605442176874
95,adventrising,0.0,0.4098360655737705,0.01639344262295082,0.3114754098360656,0.01639344262295082,0.13114754098360656,0.06557377049180328,0.04918032786885246
96,adventure,0.015384615384615385,0.4,0.18461538461538463,0.2,0.03076923076923077,0.07692307692307693,0.0,0.09230769230769231
97,adventureaplanetofdeath,0.0,0.6363636363636364,0.09090909090909091,0.0,0.0,0.0,0.09090909090909091,0.18181818181818182
98,adventureallinthegame,0.06666666666666667,0.26666666666666666,0.13333333333333333,0.4,0.13333333333333333,0.0,0.0,0.0
99,adventurebincacurse,0.0,0.2727272727272727,0.09090909090909091,0.18181818181818182,0.09090909090909091,0.0,0.0,0.36363636363636365
100,adventurecshipofdoom,0.0,0.35294117647058826,0.0,0.17647058823529413,0.11764705882352941,0.058823529411764705,0.11764705882352941,0.17647058823529413
101,adventurefunpak,0.0,0.0,0.3333333333333333,0.0,0.0,0.0,0.0,0.6666666666666666
102,adventureisland,0.07975460122699386,0.44785276073619634,0.1901840490797546,0.1165644171779141,0.018404907975460124,0.06134969325153374,0.018404907975460124,0.06748466257668712
103,adventurequest3d,0.0546448087431694,0.21311475409836064,0.07650273224043716,0.3770491803278688,0.06557377049180328,0.1366120218579235,0.04371584699453552,0.03278688524590164
104,adventurestory,0.0,0.5357142857142857,0.17857142857142858,0.10714285714285714,0.0,0.10714285714285714,0.0,0.07142857142857142
105,adventuretheinsidejob,0.058823529411764705,0.23529411764705882,0.11764705882352941,0.35294117647058826,0.11764705882352941,0.0,0.0,0.11764705882352941
106,adventurewelcometothegenre,0.06666666666666667,0.26666666666666666,0.13333333333333333,0.4,0.13333333333333333,0.0,0.0,0.0
107,adventuresinthegalaxyoffantabulouswonderment,0.0,0.3333333333333333,0.07407407407407407,0.25925925925925924,0.07407407407407407,0.0,0.07407407407407407,0.18518518518518517
108,adventuresinthemagickingdom,0.05555555555555555,0.4444444444444444,0.3333333333333333,0.1111111111111111,0.0,0.05555555555555555,0.0,0.0
109,adventuresofdinoriki,0.04,0.48,0.24,0.04,0.0,0.08,0.0,0.12
110,adventuresoflolo,0.03571428571428571,0.5357142857142857,0.10714285714285714,0.09523809523809523,0.011904761904761904,0.09523809523809523,0.023809523809523808,0.09523809523809523
111,adventuresofpip,0.0,0.375,0.20833333333333334,0.08333333333333333,0.08333333333333333,0.125,0.0,0.125
112,adventuresoftron,0.0,0.3,0.2,0.0,0.0,0.0,0.1,0.4
113,adventurestogo,0.0,0.16666666666666666,0.041666666666666664,0.375,0.041666666666666664,0.2916666666666667,0.08333333333333333,0.0
114,adventureswithanxiety,0.04477611940298507,0.11940298507462686,0.05970149253731343,0.5671641791044776,0.16417910447761194,0.014925373134328358,0.0,0.029850746268656716
115,aegisofearthprotonovusassault,0.09090909090909091,0.22727272727272727,0.0,0.18181818181818182,0.045454545454545456,0.18181818181818182,0.22727272727272727,0.045454545454545456
116,aegiswing,0.0,0.42105263157894735,0.10526315789473684,0.15789473684210525,0.0,0.15789473684210525,0.05263157894736842,0.10526315789473684
117,aeondrive,0.0,0.4,0.0,0.0,0.2,0.0,0.0,0.4
118,aerofighters,0.05194805194805195,0.33766233766233766,0.1038961038961039,0.24675324675324675,0.03896103896103896,0.09090909090909091,0.07792207792207792,0.05194805194805195
119,aerotheacrobat,0.08196721311475409,0.4098360655737705,0.16393442622950818,0.22950819672131148,0.03278688524590164,0.04918032786885246,0.0,0.03278688524590164
120,aerobiz,0.043478260869565216,0.5217391304347826,0.0,0.21739130434782608,0.0,0.043478260869565216,0.13043478260869565,0.043478260869565216
121,aeternoblade,0.024390243902439025,0.2926829268292683,0.024390243902439025,0.3902439024390244,0.0975609756097561,0.12195121951219512,0.0,0.04878048780487805
122,aetherion,0.07142857142857142,0.09523809523809523,0.14285714285714285,0.21428571428571427,0.0,0.35714285714285715,0.07142857142857142,0.047619047619047616
123,aetolia,0.03278688524590164,0.29508196721311475,0.03278688524590164,0.4098360655737705,0.03278688524590164,0.13114754098360656,0.04918032786885246,0.01639344262295082
124,affordablespaceadventures,0.0,0.45714285714285713,0.08571428571428572,0.17142857142857143,0.14285714285714285,0.0,0.05714285714285714,0.08571428571428572
125,afrikakorpsvsdesertrats,0.0,0.16666666666666666,0.08333333333333333,0.25,0.0,0.041666666666666664,0.375,0.08333333333333333
126,afterarmageddongaiden,0.0196078431372549,0.27450980392156865,0.0392156862745098,0.21568627450980393,0.0784313725490196,0.21568627450980393,0.13725490196078433,0.0196078431372549
127,afterburner,0.017241379310344827,0.5172413793103449,0.034482758620689655,0.06896551724137931,0.034482758620689655,0.10344827586206896,0.08620689655172414,0.13793103448275862
128,afterimetthatcatgirlmyquestlistgottoolong,0.1111111111111111,0.2222222222222222,0.16666666666666666,0.2777777777777778,0.1111111111111111,0.0,0.05555555555555555,0.05555555555555555
129,afterprotocol,0.0,0.4,0.0,0.4,0.0,0.0,0.1,0.1
130,afterfallinsanity,0.018518518518518517,0.2777777777777778,0.05555555555555555,0.42592592592592593,0.18518518518518517,0.0,0.037037037037037035,0.0
131,afterlife1996,0.030927835051546393,0.12371134020618557,0.09278350515463918,0.5051546391752577,0.10309278350515463,0.030927835051546393,0.08247422680412371,0.030927835051546393
132,afterparty,0.1111111111111111,0.13333333333333333,0.044444444444444446,0.5777777777777777,0.13333333333333333,0.0,0.0,0.0
133,agarestsenkimarriage,0.24,0.12,0.16,0.28,0.08,0.0,0.08,0.04
134,agario,0.0,0.3125,0.1875,0.25,0.0,0.0625,0.0625,0.125
135,ageofbarbarian,0.09375,0.40625,0.15625,0.15625,0.0,0.03125,0.03125,0.125
136,ageofconan,0.09420289855072464,0.2463768115942029,0.06521739130434782,0.2898550724637681,0.028985507246376812,0.2028985507246377,0.06521739130434782,0.007246376811594203
137,ageofempiresiv,0.02631578947368421,0.21052631578947367,0.0,0.13157894736842105,0.05263157894736842,0.3684210526315789,0.15789473684210525,0.05263157894736842
138,ageofwonders,0.006134969325153374,0.2392638036809816,0.06748466257668712,0.2147239263803681,0.10429447852760736,0.2147239263803681,0.12269938650306748,0.03067484662576687
139,ageofwonders3,0.03418803418803419,0.21367521367521367,0.1111111111111111,0.27350427350427353,0.05982905982905983,0.20512820512820512,0.08547008547008547,0.017094017094017096
140,agenta,0.06521739130434782,0.13043478260869565,0.13043478260869565,0.5652173913043478,0.043478260869565216,0.0,0.043478260869565216,0.021739130434782608
141,agentarmstrong,0.022727272727272728,0.45454545454545453,0.09090909090909091,0.1590909090909091,0.022727272727272728,0.045454545454545456,0.06818181818181818,0.13636363636363635
142,agentsofmayhem,0.06666666666666667,0.17777777777777778,0.037037037037037035,0.4666666666666667,0.1259259259259259,0.06666666666666667,0.037037037037037035,0.022222222222222223
143,aggressorsofdarkkombat,0.12727272727272726,0.32727272727272727,0.12727272727272726,0.10909090909090909,0.01818181818181818,0.16363636363636364,0.0,0.12727272727272726
144,agony2018,0.06666666666666667,0.2,0.0,0.36666666666666664,0.3,0.0,0.0,0.06666666666666667
145,aground,0.017241379310344827,0.3103448275862069,0.05172413793103448,0.3448275862068966,0.034482758620689655,0.10344827586206896,0.08620689655172414,0.05172413793103448
146,aidynchronicles,0.029411764705882353,0.20588235294117646,0.0,0.38235294117647056,0.058823529411764705,0.23529411764705882,0.058823529411764705,0.029411764705882353
147,aircombat,0.0,0.32432432432432434,0.05405405405405406,0.13513513513513514,0.10810810810810811,0.1891891891891892,0.13513513513513514,0.05405405405405406
148,aircontrol,0.0,0.45454545454545453,0.09090909090909091,0.45454545454545453,0.0,0.0,0.0,0.0
149,airdiver,0.07142857142857142,0.2857142857142857,0.0,0.2857142857142857,0.0,0.14285714285714285,0.21428571428571427,0.0
150,airmarty,0.15517241379310345,0.22413793103448276,0.05172413793103448,0.39655172413793105,0.1724137931034483,0.0,0.0,0.0
151,airseabattle,0.0,0.5294117647058824,0.058823529411764705,0.058823529411764705,0.0,0.058823529411764705,0.0,0.29411764705882354
152,airzonk,0.13333333333333333,0.4,0.1,0.2,0.0,0.06666666666666667,0.0,0.1
153,airfixdogfighter,0.0,0.41379310344827586,0.06896551724137931,0.13793103448275862,0.06896551724137931,0.10344827586206896,0.10344827586206896,0.10344827586206896
154,aisle,0.06666666666666667,0.13333333333333333,0.0,0.3333333333333333,0.4,0.0,0.0,0.06666666666666667
155,akamanto,0.041666666666666664,0.08333333333333333,0.08333333333333333,0.20833333333333334,0.25,0.041666666666666664,0.125,0.16666666666666666
156,akatoblue,0.14285714285714285,0.42857142857142855,0.14285714285714285,0.14285714285714285,0.0,0.07142857142857142,0.0,0.07142857142857142
157,akaikatana,0.16666666666666666,0.13636363636363635,0.07575757575757576,0.36363636363636365,0.10606060606060606,0.09090909090909091,0.030303030303030304,0.030303030303030304
158,akane,0.02127659574468085,0.44680851063829785,0.06382978723404255,0.1702127659574468,0.06382978723404255,0.1702127659574468,0.02127659574468085,0.0425531914893617
159,akanethekunoichi,0.10526315789473684,0.3684210526315789,0.21052631578947367,0.18421052631578946,0.05263157894736842,0.05263157894736842,0.02631578947368421,0.0
160,akanesasusekaidekimitoutau,0.10891089108910891,0.22772277227722773,0.1188118811881188,0.2871287128712871,0.10891089108910891,0.09900990099009901,0.0,0.04950495049504951
161,akatsukiblitzkampf,0.1328125,0.21875,0.0703125,0.296875,0.046875,0.171875,0.03125,0.03125
162,akibastriphellboundanddebriefed,0.0,0.4444444444444444,0.0,0.2222222222222222,0.0,0.0,0.0,0.3333333333333333
163,akibastripundeadandundressed,0.16793893129770993,0.2748091603053435,0.05343511450381679,0.31297709923664124,0.030534351145038167,0.09923664122137404,0.022900763358778626,0.03816793893129771
164,alqadimthegeniescurse,0.21212121212121213,0.15151515151515152,0.06060606060606061,0.30303030303030304,0.06060606060606061,0.15151515151515152,0.0,0.06060606060606061
165,alabaster,0.11764705882352941,0.17647058823529413,0.029411764705882353,0.38235294117647056,0.14705882352941177,0.058823529411764705,0.0,0.08823529411764706
166,aladdincapcom,0.0,0.5,0.25,0.08333333333333333,0.0,0.05555555555555555,0.027777777777777776,0.08333333333333333
167,alanwake,0.048723897911832945,0.21809744779582366,0.06960556844547564,0.46867749419953597,0.10440835266821345,0.04640371229698376,0.030162412993039442,0.013921113689095127
168,alanwakesamericannightmare,0.0456989247311828,0.22580645161290322,0.06720430107526881,0.48655913978494625,0.09408602150537634,0.043010752688172046,0.026881720430107527,0.010752688172043012
169,albertandotto,0.0,0.5,0.05555555555555555,0.3333333333333333,0.0,0.05555555555555555,0.0,0.05555555555555555
170,albinolullaby,0.0,0.17647058823529413,0.0,0.47058823529411764,0.17647058823529413,0.0,0.058823529411764705,0.11764705882352941
171,alchemistcode,0.1111111111111111,0.15151515151515152,0.050505050505050504,0.26262626262626265,0.13131313131313133,0.18181818181818182,0.09090909090909091,0.020202020202020204
172,aleste,0.020618556701030927,0.422680412371134,0.09278350515463918,0.20618556701030927,0.061855670103092786,0.09278350515463918,0.0,0.10309278350515463
173,alexkidd,0.0625,0.39285714285714285,0.15178571428571427,0.17857142857142858,0.026785714285714284,0.08928571428571429,0.044642857142857144,0.05357142857142857
174,alfonzosarcticadventure,0.0,0.4444444444444444,0.2222222222222222,0.0,0.0,0.0,0.1111111111111111,0.2222222222222222
175,alfredchicken,0.0,0.3076923076923077,0.38461538461538464,0.15384615384615385,0.0,0.0,0.0,0.15384615384615385
176,aliceandjoe,0.36363636363636365,0.18181818181818182,0.0,0.18181818181818182,0.18181818181818182,0.0,0.0,0.09090909090909091
177,aliceinthecountryofhearts,0.390625,0.125,0.0625,0.3125,0.078125,0.03125,0.0,0.0
178,aliceinthemirrorsofalbion,0.17391304347826086,0.30434782608695654,0.17391304347826086,0.2608695652173913,0.043478260869565216,0.043478260869565216,0.0,0.0
179,aliceinwonderland,0.025,0.4,0.15,0.2,0.1,0.025,0.05,0.05
180,alicemadnessreturns,0.0660377358490566,0.27672955974842767,0.1069182389937107,0.3490566037735849,0.08490566037735849,0.059748427672955975,0.02830188679245283,0.02830188679245283
181,alidatheenigmaticgiant,0.0,0.35714285714285715,0.14285714285714285,0.2857142857142857,0.03571428571428571,0.03571428571428571,0.07142857142857142,0.07142857142857142
182,alien3thegun,0.044444444444444446,0.4,0.022222222222222223,0.28888888888888886,0.044444444444444446,0.044444444444444446,0.08888888888888889,0.06666666666666667
183,alienblackout,0.07692307692307693,0.46153846153846156,0.0,0.15384615384615385,0.15384615384615385,0.07692307692307693,0.07692307692307693,0.0
184,alienchallenge,0.17647058823529413,0.38235294117647056,0.08823529411764706,0.14705882352941177,0.029411764705882353,0.14705882352941177,0.0,0.029411764705882353
185,aliencrush,0.0,0.47368421052631576,0.10526315789473684,0.10526315789473684,0.0,0.05263157894736842,0.0,0.2631578947368421
186,alienisolation,0.024615384615384615,0.23076923076923078,0.033846153846153845,0.44,0.13230769230769232,0.06153846153846154,0.06153846153846154,0.015384615384615385
187,alienisolationzenstudios,0.0,0.5,0.05555555555555555,0.16666666666666666,0.1111111111111111,0.0,0.0,0.16666666666666666
188,alienlegacy,0.014925373134328358,0.11940298507462686,0.014925373134328358,0.1791044776119403,0.22388059701492538,0.05970149253731343,0.3582089552238806,0.029850746268656716
189,alienquarantine,0.1,0.5,0.1,0.2,0.1,0.0,0.0,0.0
190,aliensoldier,0.014285714285714285,0.4142857142857143,0.09285714285714286,0.18571428571428572,0.07142857142857142,0.12142857142857143,0.04285714285714286,0.05714285714285714
191,alienstorm,0.0,0.23809523809523808,0.09523809523809523,0.2857142857142857,0.047619047619047616,0.14285714285714285,0.14285714285714285,0.047619047619047616
192,alienswarm,0.022900763358778626,0.37404580152671757,0.022900763358778626,0.2748091603053435,0.09923664122137404,0.11450381679389313,0.05343511450381679,0.03816793893129771
193,aliensyndrome,0.0,0.4,0.1,0.06666666666666667,0.1,0.2,0.06666666666666667,0.06666666666666667
194,alientrilogy,0.0,0.6428571428571429,0.03571428571428571,0.10714285714285714,0.0,0.03571428571428571,0.10714285714285714,0.07142857142857142
195,alienvspredatorcapcom,0.021052631578947368,0.3157894736842105,0.05263157894736842,0.30526315789473685,0.06315789473684211,0.1368421052631579,0.06315789473684211,0.042105263157894736
196,aliens,0.07692307692307693,0.46153846153846156,0.0,0.15384615384615385,0.0,0.07692307692307693,0.07692307692307693,0.15384615384615385
197,aliensarmageddon,0.02702702702702703,0.40540540540540543,0.08108108108108109,0.05405405405405406,0.10810810810810811,0.1891891891891892,0.08108108108108109,0.05405405405405406
198,aliensextermination,0.025,0.4,0.075,0.2,0.025,0.075,0.15,0.05
199,aliensinfestation,0.017241379310344827,0.3275862068965517,0.10344827586206896,0.20689655172413793,0.1724137931034483,0.06896551724137931,0.034482758620689655,0.06896551724137931
200,aliensvspredatorextinction,0.030927835051546393,0.29896907216494845,0.010309278350515464,0.1958762886597938,0.061855670103092786,0.21649484536082475,0.18556701030927836,0.0
201,alienszenstudios,0.0,0.5294117647058824,0.058823529411764705,0.23529411764705882,0.058823529411764705,0.0,0.0,0.11764705882352941
202,alisa,0.0,0.36363636363636365,0.06060606060606061,0.12121212121212122,0.12121212121212122,0.09090909090909091,0.030303030303030304,0.21212121212121213
203,allofourfriendsaredead,0.0,0.40476190476190477,0.11904761904761904,0.2857142857142857,0.11904761904761904,0.0,0.0,0.07142857142857142
204,allstarfighters,0.2727272727272727,0.2727272727272727,0.0,0.09090909090909091,0.0,0.18181818181818182,0.0,0.18181818181818182
205,allwallsmustfall,0.09090909090909091,0.2727272727272727,0.09090909090909091,0.36363636363636365,0.09090909090909091,0.0,0.09090909090909091,0.0
206,allianceofvaliantarms,0.05,0.425,0.025,0.2,0.075,0.175,0.05,0.0
207,allods,0.0,0.0,0.0,0.25,0.0,0.25,0.5,0.0
208,allodsonline,0.044444444444444446,0.13333333333333333,0.08888888888888889,0.26666666666666666,0.2,0.17777777777777778,0.08888888888888889,0.0
209,alltynexsecond,0.01694915254237288,0.3728813559322034,0.0847457627118644,0.22033898305084745,0.03389830508474576,0.11864406779661017,0.06779661016949153,0.0847457627118644
210,allunaandbrie,0.10714285714285714,0.17857142857142858,0.10714285714285714,0.35714285714285715,0.0,0.25,0.0,0.0
211,alnamnokiba,0.19230769230769232,0.11538461538461539,0.09615384615384616,0.36538461538461536,0.07692307692307693,0.07692307692307693,0.038461538461538464,0.038461538461538464
212,alonetogether,0.2,0.4,0.0,0.4,0.0,0.0,0.0,0.0
213,alphabounce,0.0,0.5897435897435898,0.1282051282051282,0.02564102564102564,0.0,0.1794871794871795,0.02564102564102564,0.05128205128205128
214,alphaprime,0.028037383177570093,0.3177570093457944,0.102803738317757,0.3644859813084112,0.09345794392523364,0.037383177570093455,0.04672897196261682,0.009345794392523364
215,alphaprotocol,0.07804878048780488,0.16585365853658537,0.03414634146341464,0.5,0.12682926829268293,0.05365853658536585,0.03170731707317073,0.00975609756097561
216,alphadia,0.05952380952380952,0.15476190476190477,0.07142857142857142,0.38095238095238093,0.08333333333333333,0.16666666666666666,0.05952380952380952,0.023809523809523808
217,alphadia2,0.10588235294117647,0.17647058823529413,0.058823529411764705,0.36470588235294116,0.11764705882352941,0.1411764705882353,0.03529411764705882,0.0
218,alphadiagenesis,0.11224489795918367,0.07142857142857142,0.05102040816326531,0.6122448979591837,0.08163265306122448,0.04081632653061224,0.030612244897959183,0.0
219,alphadiagenesis2,0.06666666666666667,0.26666666666666666,0.0,0.26666666666666666,0.2,0.06666666666666667,0.13333333333333333,0.0
220,alteil,0.18666666666666668,0.14666666666666667,0.05333333333333334,0.4,0.04,0.10666666666666667,0.013333333333333334,0.05333333333333334
221,alterego1986,0.21495327102803738,0.11214953271028037,0.08411214953271028,0.4672897196261682,0.07476635514018691,0.009345794392523364,0.0,0.037383177570093455
222,alteredbeast,0.04219409282700422,0.31223628691983124,0.10970464135021098,0.21518987341772153,0.06329113924050633,0.16877637130801687,0.04219409282700422,0.046413502109704644
223,altereddestiny,0.07317073170731707,0.24390243902439024,0.0975609756097561,0.3902439024390244,0.04878048780487805,0.04878048780487805,0.04878048780487805,0.04878048780487805
224,altosadventure,0.0,0.4,0.13333333333333333,0.06666666666666667,0.0,0.26666666666666666,0.0,0.13333333333333333
225,alundra,0.09411764705882353,0.21176470588235294,0.08823529411764706,0.3941176470588235,0.07647058823529412,0.07058823529411765,0.03529411764705882,0.029411764705882353
226,alundra2,0.059322033898305086,0.3389830508474576,0.19491525423728814,0.22033898305084745,0.01694915254237288,0.059322033898305086,0.05084745762711865,0.059322033898305086
227,alwasawakening,0.0,0.0,0.0,0.0,0.0,0.0,0.0,1.0
228,alwaslegacy,0.0,0.0,0.0,0.0,0.0,0.0,0.0,1.0
229,alwaysrememberme,0.37777777777777777,0.13333333333333333,0.1111111111111111,0.26666666666666666,0.08888888888888889,0.0,0.022222222222222223,0.0
230,alwayssometimesmonsters,0.12,0.11333333333333333,0.04,0.56,0.12666666666666668,0.006666666666666667,0.013333333333333334,0.02
231,amagami,0.4198895027624309,0.1270718232044199,0.055248618784530384,0.34806629834254144,0.03314917127071823,0.011049723756906077,0.0,0.0055248618784530384
232,amagon,0.047619047619047616,0.40476190476190477,0.21428571428571427,0.21428571428571427,0.023809523809523808,0.047619047619047616,0.0,0.047619047619047616
233,amazonguardiansofeden,0.06060606060606061,0.2727272727272727,0.15151515151515152,0.36363636363636365,0.030303030303030304,0.0,0.06060606060606061,0.06060606060606061
234,amberjourneysbeyond,0.030303030303030304,0.19696969696969696,0.09090909090909091,0.45454545454545453,0.13636363636363635,0.015151515151515152,0.015151515151515152,0.06060606060606061
235,americanmcgeesalice,0.049773755656108594,0.248868778280543,0.10407239819004525,0.33031674208144796,0.09049773755656108,0.09502262443438914,0.03619909502262444,0.04524886877828054
236,americanracing,0.0,0.6666666666666666,0.1111111111111111,0.1111111111111111,0.0,0.1111111111111111,0.0,0.0
237,americantrucksimulator,0.0,0.41304347826086957,0.08695652173913043,0.34782608695652173,0.021739130434782608,0.043478260869565216,0.0,0.08695652173913043
238,amidar,0.0,0.2222222222222222,0.1111111111111111,0.1111111111111111,0.0,0.2222222222222222,0.0,0.3333333333333333
239,amihailuindreamland,0.0,0.3125,0.25,0.1875,0.1875,0.0,0.0,0.0625
240,amnesiaamachineforpigs,0.02040816326530612,0.1836734693877551,0.04081632653061224,0.4421768707482993,0.21768707482993196,0.006802721088435374,0.07482993197278912,0.013605442176870748
241,amnesiarebirth,0.04032258064516129,0.20161290322580644,0.07258064516129033,0.41935483870967744,0.1693548387096774,0.024193548387096774,0.056451612903225805,0.016129032258064516
242,amnesiathedarkdescent,0.014925373134328358,0.23134328358208955,0.048507462686567165,0.48134328358208955,0.15671641791044777,0.022388059701492536,0.029850746268656716,0.014925373134328358
243,amnesiayumenikki,0.14285714285714285,0.07142857142857142,0.0,0.35714285714285715,0.35714285714285715,0.0,0.0,0.07142857142857142
244,amongthesleep,0.06593406593406594,0.2087912087912088,0.02197802197802198,0.5494505494505495,0.0989010989010989,0.01098901098901099,0.01098901098901099,0.03296703296703297
245,amongus,0.02766798418972332,0.22529644268774704,0.05928853754940711,0.4505928853754941,0.09881422924901186,0.04743083003952569,0.06719367588932806,0.023715415019762844
246,amy,0.06,0.34,0.04,0.3,0.22,0.0,0.02,0.02
247,anairportforalienscurrentlyrunbydogs,0.13333333333333333,0.26666666666666666,0.06666666666666667,0.3,0.06666666666666667,0.03333333333333333,0.03333333333333333,0.1
248,anelderscrollslegendbattlespire,0.07936507936507936,0.20634920634920634,0.047619047619047616,0.3968253968253968,0.06349206349206349,0.09523809523809523,0.047619047619047616,0.06349206349206349
249,anakshafemaleassassin,0.0594059405940594,0.13861386138613863,0.009900990099009901,0.5742574257425742,0.15841584158415842,0.019801980198019802,0.0,0.039603960396039604
250,anarchyonline,0.019230769230769232,0.3076923076923077,0.04807692307692308,0.28846153846153844,0.11538461538461539,0.15384615384615385,0.04807692307692308,0.019230769230769232
251,anarchyreigns,0.0650887573964497,0.24260355029585798,0.05325443786982249,0.35502958579881655,0.08875739644970414,0.1242603550295858,0.05325443786982249,0.01775147928994083
252,anarcute,0.047619047619047616,0.47619047619047616,0.0,0.23809523809523808,0.047619047619047616,0.09523809523809523,0.047619047619047616,0.047619047619047616
253,anatomy,0.0,0.15625,0.0625,0.4375,0.28125,0.0,0.03125,0.03125
254,ancestorslegacy,0.02127659574468085,0.3191489361702128,0.0425531914893617,0.3191489361702128,0.0851063829787234,0.1276595744680851,0.06382978723404255,0.02127659574468085
255,ancestorsthehumankindodyssey,0.02040816326530612,0.46938775510204084,0.12244897959183673,0.22448979591836735,0.04081632653061224,0.08163265306122448,0.02040816326530612,0.02040816326530612
256,anchorhead,0.06896551724137931,0.1839080459770115,0.08045977011494253,0.5057471264367817,0.10344827586206896,0.011494252873563218,0.022988505747126436,0.022988505747126436
257,ancientdomainsofmystery,0.016339869281045753,0.2777777777777778,0.06862745098039216,0.33986928104575165,0.06862745098039216,0.14705882352941177,0.06535947712418301,0.016339869281045753
258,ancientevil,0.0,0.38095238095238093,0.0,0.3333333333333333,0.047619047619047616,0.09523809523809523,0.09523809523809523,0.047619047619047616
259,ancientromanpowerofdarkside,0.04,0.16,0.08,0.32,0.0,0.2,0.12,0.08
260,ancientwarssparta,0.0,0.2857142857142857,0.0,0.2857142857142857,0.2857142857142857,0.0,0.14285714285714285,0.0
261,andeverythingstartedtofall,0.058823529411764705,0.35294117647058826,0.11764705882352941,0.29411764705882354,0.11764705882352941,0.0,0.0,0.058823529411764705
262,androidhuntera,0.0,0.13333333333333333,0.2,0.26666666666666666,0.0,0.13333333333333333,0.06666666666666667,0.2
263,andysapplefarm,0.029411764705882353,0.17647058823529413,0.11764705882352941,0.5,0.058823529411764705,0.029411764705882353,0.0,0.08823529411764706
264,angelsofdeath,0.12121212121212122,0.18181818181818182,0.030303030303030304,0.5151515151515151,0.06060606060606061,0.06060606060606061,0.0,0.030303030303030304
265,angrybirds2,0.015625,0.5,0.078125,0.1875,0.0,0.125,0.0625,0.03125
266,angrybirdsepic,0.013888888888888888,0.3611111111111111,0.027777777777777776,0.2222222222222222,0.027777777777777776,0.2777777777777778,0.05555555555555555,0.013888888888888888
267,angrybirdsgo,0.09375,0.53125,0.0625,0.15625,0.03125,0.09375,0.0,0.03125
268,angrybirdsstarwars,0.0,0.3448275862068966,0.06896551724137931,0.2413793103448276,0.0,0.13793103448275862,0.13793103448275862,0.06896551724137931
269,angrybirdstransformers,0.031914893617021274,0.44680851063829785,0.07446808510638298,0.22340425531914893,0.02127659574468085,0.14893617021276595,0.0425531914893617,0.010638297872340425
270,animalcrossing,0.15384615384615385,0.2387820512820513,0.1233974358974359,0.34294871794871795,0.04326923076923077,0.052884615384615384,0.019230769230769232,0.02564102564102564
271,animalcrossing2001,0.05357142857142857,0.4642857142857143,0.16071428571428573,0.16071428571428573,0.017857142857142856,0.03571428571428571,0.03571428571428571,0.07142857142857142
272,animalcrossingcityfolk,0.0,0.2916666666666667,0.125,0.25,0.041666666666666664,0.08333333333333333,0.041666666666666664,0.16666666666666666
273,animalcrossinghappyhomedesigner,0.11290322580645161,0.43548387096774194,0.11290322580645161,0.27419354838709675,0.03225806451612903,0.0,0.016129032258064516,0.016129032258064516
274,animalcrossingnewhorizons,0.09815950920245399,0.31901840490797545,0.08895705521472393,0.3619631901840491,0.05214723926380368,0.04294478527607362,0.024539877300613498,0.012269938650306749
275,animalcrossingnewleaf,0.07428571428571429,0.32571428571428573,0.12571428571428572,0.30857142857142855,0.045714285714285714,0.06857142857142857,0.02857142857142857,0.022857142857142857
276,animalcrossingpocketcamp,0.0625,0.4375,0.075,0.2625,0.0375,0.075,0.025,0.025
