i_doc,doc,Topic 1,Topic 2,Topic 3
0,a3,0.4015748031496063,0.5275590551181102,0.07086614173228346
1,abearsnightout,0.5294117647058824,0.4117647058823529,0.058823529411764705
2,ablindlegend,0.5,0.5,0.0
3,aboyandhisblob,0.6,0.3875,0.0125
4,achangeintheweather,0.5,0.375,0.125
5,adarkroom,0.4318181818181818,0.5,0.06818181818181818
6,afkarena,0.3333333333333333,0.6,0.06666666666666667
7,afinalunity,0.29245283018867924,0.5283018867924528,0.1792452830188679
8,agameofconcentration,0.14285714285714285,0.7142857142857143,0.14285714285714285
9,agameofthronesgenesis,0.2727272727272727,0.5454545454545454,0.18181818181818182
10,agirladrift,0.275,0.55,0.175
11,ahatintime,0.55,0.4217391304347826,0.02826086956521739
12,ahintofatint,0.27419354838709675,0.6774193548387096,0.04838709677419355
13,ahomefaraway,0.4084507042253521,0.5774647887323944,0.014084507042253521
14,ahouseofmanydoors,0.3333333333333333,0.5853658536585366,0.08130081300813008
15,aidungeon,0.0,1.0,0.0
16,aidungeon2,0.32098765432098764,0.6111111111111112,0.06790123456790123
17,aithesomniumfiles,0.3333333333333333,0.5789473684210527,0.08771929824561403
18,ajugglerstale,0.2,0.8,0.0
19,akingstalefinalfantasyxv,0.4666666666666667,0.5333333333333333,0.0
20,alegionarystale,0.2619047619047619,0.5238095238095238,0.21428571428571427
21,amindforevervoyaging,0.27586206896551724,0.5287356321839081,0.19540229885057472
22,anewbeginning,0.35294117647058826,0.5,0.14705882352941177
23,anightmareonelmstreetnes,0.5333333333333333,0.4666666666666667,0.0
24,anightmareonelmstreetpc,0.47058823529411764,0.4117647058823529,0.11764705882352941
25,anoblecircle,0.4666666666666667,0.4666666666666667,0.06666666666666667
26,anormallostphone,0.14285714285714285,0.6666666666666666,0.19047619047619047
27,aplaguetaleinnocence,0.3,0.5777777777777777,0.12222222222222222
28,aprestigetreemodaboutmerging,0.1,0.8,0.1
29,arksurvivalevolved,0.3978494623655914,0.4265232974910394,0.17562724014336917
30,arms,0.5843373493975904,0.39759036144578314,0.018072289156626505
31,arobotnamedfight,0.3939393939393939,0.48484848484848486,0.12121212121212122
32,aroseinthetwilight,0.3611111111111111,0.6388888888888888,0.0
33,asecondface,0.2,0.6,0.2
34,aseriesofunfortunateevents2004,0.4074074074074074,0.5185185185185185,0.07407407407407407
35,ashorthike,0.4166666666666667,0.4583333333333333,0.125
36,asmallfavor,0.5714285714285714,0.35714285714285715,0.07142857142857142
37,asmalltalkatthebackofbeyond,0.2692307692307692,0.5,0.23076923076923078
38,aspacefortheunbound,0.0,1.0,0.0
39,astoryaboutmyuncle,0.45,0.5,0.05
40,astudyinsteampunk,0.2,0.6,0.2
41,ataleoftwokingdoms,0.36893203883495146,0.5436893203883495,0.08737864077669903
42,atechcybernetic,0.0,0.9166666666666666,0.08333333333333333
43,atimelessstory,0.2727272727272727,0.6363636363636364,0.09090909090909091
44,avalleywithoutwind,0.3442622950819672,0.6229508196721312,0.03278688524590164
45,avalleywithoutwind2,0.42857142857142855,0.4857142857142857,0.08571428571428572
46,avampyrestory,0.3652173913043478,0.5652173913043478,0.06956521739130435
47,averylongropetothetopofthesky,0.2948717948717949,0.592948717948718,0.11217948717948718
48,avirusnamedtom,0.4444444444444444,0.4444444444444444,0.1111111111111111
49,awalkinthewoods,0.0,0.9285714285714286,0.07142857142857142
50,awayout,0.42990654205607476,0.5233644859813084,0.04672897196261682
51,awaytobedead,0.3076923076923077,0.6923076923076923,0.0
52,awitchstale,0.5151515151515151,0.46464646464646464,0.020202020202020204
53,aaaaaaaaaaaaaaaaaaaaaaaaaarecklessdisregardforgravity,0.5882352941176471,0.35294117647058826,0.058823529411764705
54,abadox,0.5111111111111111,0.4444444444444444,0.044444444444444446
55,abalaburn,0.68,0.32,0.0
56,abandonship,0.25,0.6607142857142857,0.08928571428571429
57,aberoth,0.28,0.72,0.0
58,abmneshitheprophecy,0.6333333333333333,0.3,0.06666666666666667
59,abominationthenemesisproject,0.2222222222222222,0.5555555555555556,0.2222222222222222
60,absolutepinball,0.14285714285714285,0.21428571428571427,0.6428571428571429
61,absolver,0.4666666666666667,0.5333333333333333,0.0
62,abuse,0.3230769230769231,0.6461538461538462,0.03076923076923077
63,abyssodyssey,0.4,0.5538461538461539,0.046153846153846156
64,abzu,0.45454545454545453,0.3787878787878788,0.16666666666666666
65,acaratus,0.22727272727272727,0.5909090909090909,0.18181818181818182
66,accounting,0.5490196078431373,0.43137254901960786,0.0196078431372549
67,acecombat,0.36585365853658536,0.3800813008130081,0.2540650406504065
68,acecombat04shatteredskies,0.4186046511627907,0.386046511627907,0.19534883720930232
69,acecombat2,0.46153846153846156,0.3076923076923077,0.23076923076923078
70,acecombat3electrosphere,0.40384615384615385,0.39903846153846156,0.1971153846153846
71,acecombat5theunsungwar,0.34560906515580736,0.40509915014164305,0.24929178470254956
72,acecombat6firesofliberation,0.34951456310679613,0.4320388349514563,0.21844660194174756
73,acecombat7skiesunknown,0.36382536382536385,0.4490644490644491,0.18711018711018712
74,acecombatassaulthorizon,0.37714285714285717,0.37142857142857144,0.25142857142857145
75,acecombatassaulthorizonlegacy,0.46153846153846156,0.39316239316239315,0.1452991452991453
76,acecombatinfinity,0.3805309734513274,0.46017699115044247,0.1592920353982301
77,acecombatjointassault,0.4084507042253521,0.39436619718309857,0.19718309859154928
78,acecombatnorthernwings,0.44,0.44,0.12
79,acecombatxskiesofdeception,0.4074074074074074,0.4537037037037037,0.1388888888888889
80,acecombatzerothebelkanwar,0.40773809523809523,0.39880952380952384,0.19345238095238096
81,acefishing,0.4,0.5428571428571428,0.05714285714285714
82,aceonline,0.304635761589404,0.5364238410596026,0.15894039735099338
83,aceswildmanicbrawlingaction,0.44,0.52,0.04
84,achaea,0.2268041237113402,0.6701030927835051,0.10309278350515463
85,achievementunlocked,0.4166666666666667,0.5333333333333333,0.05
86,aconcagua,0.5,0.375,0.125
87,acornstory,0.2222222222222222,0.7777777777777778,0.0
88,actofaggression,0.23529411764705882,0.36764705882352944,0.39705882352941174
89,action52,0.5495495495495496,0.42792792792792794,0.02252252252252252
90,actionfish,0.4090909090909091,0.5454545454545454,0.045454545454545456
91,actionmax,0.0,0.0,1.0
92,adverbum,0.47058823529411764,0.4117647058823529,0.11764705882352941
93,adr1ft,0.5,0.3333333333333333,0.16666666666666666
94,advancedvariablegeo,0.37572254335260113,0.5144508670520231,0.10982658959537572
95,adventrising,0.40298507462686567,0.5223880597014925,0.07462686567164178
96,adventure,0.49295774647887325,0.43661971830985913,0.07042253521126761
97,adventureaplanetofdeath,0.18181818181818182,0.6363636363636364,0.18181818181818182
98,adventureallinthegame,0.4375,0.4375,0.125
99,adventurebincacurse,0.36363636363636365,0.5454545454545454,0.09090909090909091
100,adventurecshipofdoom,0.23529411764705882,0.5882352941176471,0.17647058823529413
101,adventurefunpak,0.0,0.6666666666666666,0.3333333333333333
102,adventureisland,0.6256410256410256,0.35384615384615387,0.020512820512820513
103,adventurequest3d,0.3875598086124402,0.5980861244019139,0.014354066985645933
104,adventurestory,0.5,0.5,0.0
105,adventuretheinsidejob,0.42105263157894735,0.3157894736842105,0.2631578947368421
106,adventurewelcometothegenre,0.4375,0.4375,0.125
107,adventuresinthegalaxyoffantabulouswonderment,0.3448275862068966,0.4482758620689655,0.20689655172413793
108,adventuresinthemagickingdom,0.47368421052631576,0.5263157894736842,0.0
109,adventuresofdinoriki,0.46153846153846156,0.5,0.038461538461538464
110,adventuresoflolo,0.6082474226804123,0.3711340206185567,0.020618556701030927
111,adventuresofpip,0.25,0.75,0.0
112,adventuresoftron,0.18181818181818182,0.7272727272727273,0.09090909090909091
113,adventurestogo,0.3333333333333333,0.625,0.041666666666666664
114,adventureswithanxiety,0.3472222222222222,0.5833333333333334,0.06944444444444445
115,aegisofearthprotonovusassault,0.18181818181818182,0.7272727272727273,0.09090909090909091
116,aegiswing,0.3333333333333333,0.5714285714285714,0.09523809523809523
117,aeondrive,0.4,0.6,0.0
118,aerofighters,0.532608695652174,0.3804347826086957,0.08695652173913043
119,aerotheacrobat,0.5588235294117647,0.39705882352941174,0.04411764705882353
120,aerobiz,0.34615384615384615,0.46153846153846156,0.19230769230769232
121,aeternoblade,0.5581395348837209,0.4418604651162791,0.0
122,aetherion,0.34782608695652173,0.6521739130434783,0.0
123,aetolia,0.203125,0.765625,0.03125
124,affordablespaceadventures,0.4166666666666667,0.4722222222222222,0.1111111111111111
125,afrikakorpsvsdesertrats,0.16,0.24,0.6
126,afterarmageddongaiden,0.2909090909090909,0.6909090909090909,0.01818181818181818
127,afterburner,0.46153846153846156,0.38461538461538464,0.15384615384615385
128,afterimetthatcatgirlmyquestlistgottoolong,0.3333333333333333,0.6666666666666666,0.0
129,afterprotocol,0.4,0.2,0.4
130,afterfallinsanity,0.375,0.5357142857142857,0.08928571428571429
131,afterlife1996,0.30833333333333335,0.625,0.06666666666666667
132,afterparty,0.46,0.48,0.06
133,agarestsenkimarriage,0.2692307692307692,0.6153846153846154,0.11538461538461539
134,agario,0.25,0.625,0.125
135,ageofbarbarian,0.45454545454545453,0.45454545454545453,0.09090909090909091
136,ageofconan,0.26582278481012656,0.689873417721519,0.04430379746835443
137,ageofempiresiv,0.18604651162790697,0.5581395348837209,0.2558139534883721
138,ageofwonders,0.27040816326530615,0.6173469387755102,0.11224489795918367
139,ageofwonders3,0.3076923076923077,0.5692307692307692,0.12307692307692308
140,agenta,0.3333333333333333,0.5416666666666666,0.125
141,agentarmstrong,0.3541666666666667,0.5,0.14583333333333334
142,agentsofmayhem,0.4246575342465753,0.5,0.07534246575342465
143,aggressorsofdarkkombat,0.6440677966101694,0.3220338983050847,0.03389830508474576
144,agony2018,0.43333333333333335,0.5666666666666667,0.0
145,aground,0.3181818181818182,0.5606060606060606,0.12121212121212122
146,aidynchronicles,0.4117647058823529,0.5294117647058824,0.058823529411764705
147,aircombat,0.375,0.425,0.2
148,aircontrol,0.3333333333333333,0.5,0.16666666666666666
149,airdiver,0.5,0.1875,0.3125
150,airmarty,0.3,0.6166666666666667,0.08333333333333333
151,airseabattle,0.2631578947368421,0.631578947368421,0.10526315789473684
152,airzonk,0.7,0.23333333333333334,0.06666666666666667
153,airfixdogfighter,0.41379310344827586,0.3793103448275862,0.20689655172413793
154,aisle,0.35294117647058826,0.47058823529411764,0.17647058823529413
155,akamanto,0.2916666666666667,0.7083333333333334,0.0
156,akatoblue,0.42857142857142855,0.5714285714285714,0.0
157,akaikatana,0.34328358208955223,0.6119402985074627,0.04477611940298507
158,akane,0.32142857142857145,0.5892857142857143,0.08928571428571429
159,akanethekunoichi,0.5238095238095238,0.42857142857142855,0.047619047619047616
160,akanesasusekaidekimitoutau,0.4077669902912621,0.4854368932038835,0.10679611650485436
161,akatsukiblitzkampf,0.3877551020408163,0.5374149659863946,0.07482993197278912
162,akibastriphellboundanddebriefed,0.5555555555555556,0.4444444444444444,0.0
163,akibastripundeadandundressed,0.35714285714285715,0.6071428571428571,0.03571428571428571
164,alqadimthegeniescurse,0.3611111111111111,0.5833333333333334,0.05555555555555555
165,alabaster,0.35135135135135137,0.5135135135135135,0.13513513513513514
166,aladdincapcom,0.4523809523809524,0.5,0.047619047619047616
167,alanwake,0.331511839708561,0.5901639344262295,0.07832422586520947
168,alanwakesamericannightmare,0.3646288209606987,0.5764192139737991,0.05895196506550218
169,albertandotto,0.42105263157894735,0.5789473684210527,0.0
170,albinolullaby,0.1111111111111111,0.8333333333333334,0.05555555555555555
171,alchemistcode,0.28431372549019607,0.6274509803921569,0.08823529411764706
172,aleste,0.6194690265486725,0.34513274336283184,0.035398230088495575
173,alexkidd,0.5798319327731093,0.3865546218487395,0.03361344537815126
174,alfonzosarcticadventure,0.1111111111111111,0.8888888888888888,0.0
175,alfredchicken,0.5384615384615384,0.46153846153846156,0.0
176,aliceandjoe,0.16666666666666666,0.6666666666666666,0.16666666666666666
177,aliceinthecountryofhearts,0.23529411764705882,0.6911764705882353,0.07352941176470588
178,aliceinthemirrorsofalbion,0.25,0.6666666666666666,0.08333333333333333
179,aliceinwonderland,0.42857142857142855,0.5714285714285714,0.0
180,alicemadnessreturns,0.46464646464646464,0.5,0.03535353535353535
181,alidatheenigmaticgiant,0.27586206896551724,0.5862068965517241,0.13793103448275862
182,alien3thegun,0.5102040816326531,0.3673469387755102,0.12244897959183673
183,alienblackout,0.3076923076923077,0.5384615384615384,0.15384615384615385
184,alienchallenge,0.6857142857142857,0.2857142857142857,0.02857142857142857
185,aliencrush,0.3333333333333333,0.2857142857142857,0.38095238095238093
186,alienisolation,0.4067796610169492,0.49878934624697335,0.09443099273607748
187,alienisolationzenstudios,0.3,0.3,0.4
188,alienlegacy,0.1518987341772152,0.3924050632911392,0.45569620253164556
189,alienquarantine,0.4,0.6,0.0
190,aliensoldier,0.5207100591715976,0.44970414201183434,0.029585798816568046
191,alienstorm,0.5238095238095238,0.3333333333333333,0.14285714285714285
192,alienswarm,0.3221476510067114,0.5637583892617449,0.11409395973154363
193,aliensyndrome,0.5757575757575758,0.3333333333333333,0.09090909090909091
194,alientrilogy,0.5333333333333333,0.4,0.06666666666666667
195,alienvspredatorcapcom,0.5688073394495413,0.3669724770642202,0.06422018348623854
196,aliens,0.7142857142857143,0.2857142857142857,0.0
197,aliensarmageddon,0.4473684210526316,0.47368421052631576,0.07894736842105263
198,aliensextermination,0.391304347826087,0.5,0.10869565217391304
199,aliensinfestation,0.3548387096774194,0.5483870967741935,0.0967741935483871
200,aliensvspredatorextinction,0.3211009174311927,0.5045871559633027,0.1743119266055046
201,alienszenstudios,0.2777777777777778,0.2777777777777778,0.4444444444444444
202,alisa,0.4,0.6,0.0
203,allofourfriendsaredead,0.2727272727272727,0.7272727272727273,0.0
204,allstarfighters,0.7272727272727273,0.2727272727272727,0.0
205,allwallsmustfall,0.0,0.7272727272727273,0.2727272727272727
206,allianceofvaliantarms,0.06666666666666667,0.6666666666666666,0.26666666666666666
207,allods,0.0,1.0,0.0
208,allodsonline,0.14893617021276595,0.7021276595744681,0.14893617021276595
209,alltynexsecond,0.4057971014492754,0.5362318840579711,0.057971014492753624
210,allunaandbrie,0.5517241379310345,0.41379310344827586,0.034482758620689655
211,alnamnokiba,0.18867924528301888,0.7547169811320755,0.05660377358490566
212,alonetogether,0.0,1.0,0.0
213,alphabounce,0.4666666666666667,0.5111111111111111,0.022222222222222223
214,alphaprime,0.3448275862068966,0.5258620689655172,0.12931034482758622
215,alphaprotocol,0.3452157598499062,0.48592870544090055,0.16885553470919323
216,alphadia,0.3176470588235294,0.6588235294117647,0.023529411764705882
217,alphadia2,0.3372093023255814,0.627906976744186,0.03488372093023256
218,alphadiagenesis,0.3364485981308411,0.6261682242990654,0.037383177570093455
219,alphadiagenesis2,0.4666666666666667,0.5333333333333333,0.0
220,alteil,0.2894736842105263,0.6973684210526315,0.013157894736842105
221,alterego1986,0.35537190082644626,0.5289256198347108,0.11570247933884298
222,alteredbeast,0.46830985915492956,0.5035211267605634,0.028169014084507043
223,altereddestiny,0.2926829268292683,0.5853658536585366,0.12195121951219512
224,altosadventure,0.125,0.8125,0.0625
225,alundra,0.43434343434343436,0.5303030303030303,0.03535353535353535
226,alundra2,0.49612403100775193,0.4573643410852713,0.046511627906976744
227,alwasawakening,0.0,1.0,0.0
228,alwaslegacy,0.0,1.0,0.0
229,alwaysrememberme,0.22,0.66,0.12
230,alwayssometimesmonsters,0.3905325443786982,0.5088757396449705,0.10059171597633136
231,amagami,0.2857142857142857,0.5345622119815668,0.17972350230414746
232,amagon,0.5319148936170213,0.46808510638297873,0.0
233,amazonguardiansofeden,0.30303030303030304,0.6666666666666666,0.030303030303030304
234,amberjourneysbeyond,0.3472222222222222,0.5972222222222222,0.05555555555555555
235,americanmcgeesalice,0.4307116104868914,0.5393258426966292,0.0299625468164794
236,americanracing,0.3684210526315789,0.5789473684210527,0.05263157894736842
237,americantrucksimulator,0.36538461538461536,0.5,0.1346153846153846
238,amidar,0.4444444444444444,0.5555555555555556,0.0
239,amihailuindreamland,0.4375,0.5625,0.0
240,amnesiaamachineforpigs,0.294478527607362,0.6012269938650306,0.10429447852760736
241,amnesiarebirth,0.2462686567164179,0.7089552238805971,0.04477611940298507
242,amnesiathedarkdescent,0.2896341463414634,0.6585365853658537,0.051829268292682924
243,amnesiayumenikki,0.14285714285714285,0.8571428571428571,0.0
244,amongthesleep,0.39603960396039606,0.5544554455445545,0.04950495049504951
245,amongus,0.3814102564102564,0.5384615384615384,0.08012820512820513
246,amy,0.4444444444444444,0.5370370370370371,0.018518518518518517
247,anairportforalienscurrentlyrunbydogs,0.3333333333333333,0.6,0.06666666666666667
248,anelderscrollslegendbattlespire,0.3382352941176471,0.5735294117647058,0.08823529411764706
249,anakshafemaleassassin,0.2818181818181818,0.6090909090909091,0.10909090909090909
250,anarchyonline,0.2711864406779661,0.635593220338983,0.09322033898305085
251,anarchyreigns,0.48128342245989303,0.48128342245989303,0.0374331550802139
252,anarcute,0.4782608695652174,0.391304347826087,0.13043478260869565
253,anatomy,0.3235294117647059,0.6764705882352942,0.0
254,ancestorslegacy,0.3269230769230769,0.46153846153846156,0.21153846153846154
255,ancestorsthehumankindodyssey,0.16981132075471697,0.5849056603773585,0.24528301886792453
256,anchorhead,0.30526315789473685,0.6210526315789474,0.07368421052631578
257,ancientdomainsofmystery,0.32917705735660846,0.6234413965087282,0.04738154613466334
258,ancientevil,0.3181818181818182,0.6818181818181818,0.0
259,ancientromanpowerofdarkside,0.2692307692307692,0.7307692307692307,0.0
260,ancientwarssparta,0.42857142857142855,0.14285714285714285,0.42857142857142855
261,andeverythingstartedtofall,0.3333333333333333,0.6666666666666666,0.0
262,androidhuntera,0.23529411764705882,0.6470588235294118,0.11764705882352941
263,andysapplefarm,0.42857142857142855,0.5142857142857142,0.05714285714285714
264,angelsofdeath,0.42857142857142855,0.5142857142857142,0.05714285714285714
265,angrybirds2,0.4626865671641791,0.5223880597014925,0.014925373134328358
266,angrybirdsepic,0.4470588235294118,0.5176470588235295,0.03529411764705882
267,angrybirdsgo,0.3888888888888889,0.5277777777777778,0.08333333333333333
268,angrybirdsstarwars,0.3,0.5666666666666667,0.13333333333333333
269,angrybirdstransformers,0.46534653465346537,0.49504950495049505,0.039603960396039604
270,animalcrossing,0.4091880341880342,0.483974358974359,0.10683760683760683
271,animalcrossing2001,0.6229508196721312,0.3442622950819672,0.03278688524590164
272,animalcrossingcityfolk,0.44,0.48,0.08
273,animalcrossinghappyhomedesigner,0.5230769230769231,0.4307692307692308,0.046153846153846156
274,animalcrossingnewhorizons,0.41794871794871796,0.517948717948718,0.0641025641025641
275,animalcrossingnewleaf,0.4213197969543147,0.5126903553299492,0.06598984771573604
276,animalcrossingpocketcamp,0.40217391304347827,0.5760869565217391,0.021739130434782608
277,animalcrossingwildworld,0.45,0.5,0.05
278,animaljam,0.43005181347150256,0.48186528497409326,0.08808290155440414
279,animalkaiser,0.5205479452054794,0.3972602739726027,0.0821917808219178
280,animalrestaurant,0.328125,0.53125,0.140625
281,animaniacs,0.7288135593220338,0.23728813559322035,0.03389830508474576
282,ann,0.4482758620689655,0.5172413793103449,0.034482758620689655
283,anna,0.3617021276595745,0.6382978723404256,0.0
284,annventure,0.48663101604278075,0.48128342245989303,0.03208556149732621
285,anodyne,0.48717948717948717,0.48717948717948717,0.02564102564102564
286,anodynetworeturntodust,0.5178571428571429,0.44642857142857145,0.03571428571428571
287,anomalywarzoneearth,0.2857142857142857,0.4857142857142857,0.22857142857142856
288,anotheragameforsocialchange,0.14285714285714285,0.7142857142857143,0.14285714285714285
289,anothercenturysepisode,0.4605809128630705,0.46473029045643155,0.07468879668049792
290,anothercode,0.3,0.5894736842105263,0.11052631578947368
291,anothermetroid2remake,0.6593406593406593,0.31868131868131866,0.02197802197802198
292,anotherperspective,0.2222222222222222,0.7777777777777778,0.0
293,anothersight,0.23529411764705882,0.6470588235294118,0.11764705882352941
294,answeredprayers,0.375,0.5,0.125
295,antarcticadventure,0.4583333333333333,0.5416666666666666,0.0
296,antarctica88,0.2857142857142857,0.7142857142857143,0.0
297,anthem2019,0.2076923076923077,0.6153846153846154,0.17692307692307693
298,antiaircraft,0.13333333333333333,0.6,0.26666666666666666
299,antiidlethegame,0.4878048780487805,0.4573170731707317,0.054878048780487805
300,antichamber,0.44554455445544555,0.5148514851485149,0.039603960396039604
301,anticipation,0.5454545454545454,0.45454545454545453,0.0
302,antihero,0.20833333333333334,0.5833333333333334,0.20833333333333334
303,antimatterdimensions,0.46938775510204084,0.4897959183673469,0.04081632653061224
304,antonballdeluxe,0.6666666666666666,0.3333333333333333,0.0
305,anvilofdawn,0.5111111111111111,0.4666666666666667,0.022222222222222223
306,aooni,0.3559322033898305,0.6101694915254238,0.03389830508474576
307,aolastar,0.3125,0.625,0.0625
308,apeescape,0.5623003194888179,0.3706070287539936,0.0670926517571885
309,apeout,0.32,0.64,0.04
310,aperturehandlab,0.625,0.375,0.0
311,apexlegends,0.3415841584158416,0.5346534653465347,0.12376237623762376
312,apidya,0.6363636363636364,0.3409090909090909,0.022727272727272728
313,apocalypse,0.4421052631578947,0.47368421052631576,0.08421052631578947
314,apotheon,0.4125874125874126,0.5524475524475524,0.03496503496503497
315,aquacube,0.5384615384615384,0.4230769230769231,0.038461538461538464
316,aquarhapsody,0.25,0.6,0.15
317,aquanox,0.35051546391752575,0.4639175257731959,0.18556701030927836
318,aquapazza,0.371900826446281,0.5619834710743802,0.06611570247933884
319,aquaria,0.49767441860465117,0.4744186046511628,0.027906976744186046
320,arnosurgeodetoanunbornstar,0.3694581280788177,0.5615763546798029,0.06896551724137931
321,artonelicoqogaknellofarciel,0.35135135135135137,0.5945945945945946,0.05405405405405406
322,arafell,0.2682926829268293,0.7317073170731707,0.0
323,aragami,0.36551724137931035,0.5793103448275863,0.05517241379310345
324,aralon,0.3333333333333333,0.6190476190476191,0.047619047619047616
325,araya,0.3333333333333333,0.5,0.16666666666666666
326,arcangle,0.42857142857142855,0.5164835164835165,0.054945054945054944
327,arcrisefantasia,0.336,0.636,0.028
328,arcstylebaseball3d,0.5263157894736842,0.43157894736842106,0.042105263157894736
329,arcthelad,0.3242009132420091,0.6164383561643836,0.0593607305936073
330,arctheladtwilightofthespirits,0.36904761904761907,0.5952380952380952,0.03571428571428571
331,arcadeamerica,0.6086956521739131,0.391304347826087,0.0
332,arcadiaorderofthebit,0.7931034482758621,0.20689655172413793,0.0
333,arcaea,0.6416666666666667,0.35833333333333334,0.0
334,arcanafamiglia,0.2247191011235955,0.6292134831460674,0.14606741573033707
335,arcane,0.6,0.4,0.0
336,arcanumofsteamworksandmagickobscura,0.21898928024502298,0.6309341500765697,0.15007656967840735
337,archimedeandynasty,0.3125,0.53125,0.15625
338,archon,0.37142857142857144,0.5428571428571428,0.08571428571428572
339,ardylightfoot,0.65,0.35,0.0
340,area51,0.38235294117647056,0.5441176470588235,0.07352941176470588
341,arenaoffate,0.2222222222222222,0.4444444444444444,0.3333333333333333
342,arenaofvalor,0.4358974358974359,0.5384615384615384,0.02564102564102564
343,arenaxlsm,0.345679012345679,0.6296296296296297,0.024691358024691357
344,aresextinctionagenda,0.43564356435643564,0.5247524752475248,0.039603960396039604
345,ariseasimplestory,0.3076923076923077,0.6923076923076923,0.0
346,arisenchroniclesofvarnagal,0.0,1.0,0.0
347,arizonasunshine,0.2682926829268293,0.7073170731707317,0.024390243902439025
348,arkandianlegends,0.359375,0.578125,0.0625
349,arkanoid,0.5584415584415584,0.36363636363636365,0.07792207792207792
350,arkhamhorrormothersembrace,0.38461538461538464,0.5576923076923077,0.057692307692307696
351,arknights,0.308,0.614,0.078
352,armageddonmud,0.3025210084033613,0.5630252100840336,0.13445378151260504
353,armedanddangerous,0.3389830508474576,0.5423728813559322,0.11864406779661017
354,armedanddelirious,0.3706896551724138,0.5431034482758621,0.08620689655172414
355,armedpolicebatrider,0.5353535353535354,0.3939393939393939,0.0707070707070707
356,armedwithwings,0.48854961832061067,0.5114503816793893,0.0
357,armello,0.2664359861591695,0.643598615916955,0.08996539792387544
358,armiesofexigo,0.2558139534883721,0.6046511627906976,0.13953488372093023
359,armikrog,0.2698412698412698,0.6190476190476191,0.1111111111111111
360,armillo,0.1875,0.6875,0.125
361,armorbattle,0.3,0.7,0.0
362,armoredcore,0.3836477987421384,0.4716981132075472,0.14465408805031446
363,armoredcore4,0.3728813559322034,0.4915254237288136,0.13559322033898305
364,armoredcoreforanswer,0.36666666666666664,0.5111111111111111,0.12222222222222222
365,armoredcorenexus,0.45161290322580644,0.5161290322580645,0.03225806451612903
366,armoredcorev,0.38571428571428573,0.5,0.11428571428571428
367,armoredcoreverdictday,0.4766355140186916,0.42990654205607476,0.09345794392523364
368,armoredhuntergunhound,0.3333333333333333,0.5882352941176471,0.0784313725490196
369,armortale,0.6285714285714286,0.37142857142857144,0.0
370,armoryandmachine,0.37373737373737376,0.5151515151515151,0.1111111111111111
371,armyoftentacles,0.5789473684210527,0.42105263157894735,0.0
372,armyoftwo,0.3485714285714286,0.49714285714285716,0.15428571428571428
373,arodius,0.375,0.625,0.0
374,aroundtheworldin80days,0.48,0.52,0.0
375,artacademy,0.4444444444444444,0.5555555555555556,0.0
376,artoffighting,0.5418326693227091,0.38645418326693226,0.07171314741035857
377,artstyle,0.4,0.6,0.0
378,arthursnightmare,0.3870967741935484,0.6129032258064516,0.0
379,artifact,0.42857142857142855,0.5,0.07142857142857142
380,artifactadventure,0.3888888888888889,0.5555555555555556,0.05555555555555555
381,artilleryduel,0.07692307692307693,0.6923076923076923,0.23076923076923078
382,arxfatalis,0.36942675159235666,0.5987261146496815,0.03184713375796178
383,aryandthesecretofseasons,0.5714285714285714,0.42857142857142855,0.0
384,arzea,0.38461538461538464,0.6153846153846154,0.0
385,ascentcrashlanding,0.25,0.375,0.375
386,asdivinecross,0.3333333333333333,0.6458333333333334,0.020833333333333332
387,asdivinehearts,0.32038834951456313,0.6504854368932039,0.02912621359223301
388,ashen,0.3333333333333333,0.6666666666666666,0.0
389,asheronscall,0.3415841584158416,0.6188118811881188,0.039603960396039604
390,ashesofthesingularity,0.18181818181818182,0.48484848484848486,0.3333333333333333
391,assassinblue,0.4461538461538462,0.5230769230769231,0.03076923076923077
392,assassinscreedaltairschronicles,0.391304347826087,0.5652173913043478,0.043478260869565216
393,assassinscreedbrotherhood,0.34192439862542956,0.5395189003436426,0.11855670103092783
394,assassinscreedfreedomcry,0.3670886075949367,0.4810126582278481,0.1518987341772152
395,assassinscreedi,0.32532751091703055,0.517467248908297,0.1572052401746725
396,assassinscreedii,0.2954838709677419,0.552258064516129,0.15225806451612903
397,assassinscreediii,0.3425034387895461,0.5337001375515819,0.12379642365887207
398,assassinscreediiiliberation,0.3684210526315789,0.5131578947368421,0.11842105263157894
399,assassinscreedivblackflag,0.34229390681003585,0.517921146953405,0.13978494623655913
400,assassinscreedodyssey,0.3387334315169367,0.5449189985272459,0.11634756995581738
401,assassinscreedrebellion,0.125,0.75,0.125
402,assassinscreedrevelations,0.375,0.4973958333333333,0.12760416666666666
403,assassinscreedrogue,0.4121863799283154,0.4731182795698925,0.11469534050179211
404,assassinscreedsyndicate,0.389937106918239,0.44339622641509435,0.16666666666666666
405,assassinscreedunity,0.31208053691275167,0.5570469798657718,0.13087248322147652
406,assassinscreedvalhalla,0.31806615776081426,0.5776081424936387,0.10432569974554708
407,assaultondarkathena,0.5060240963855421,0.42168674698795183,0.07228915662650602
408,assaultonvampireisland,0.46153846153846156,0.38461538461538464,0.15384615384615385
409,assaultretribution,0.4418604651162791,0.4418604651162791,0.11627906976744186
410,assaultsuitsvalken,0.3855421686746988,0.4578313253012048,0.1566265060240964
411,assettocorsa,0.47619047619047616,0.47619047619047616,0.047619047619047616
412,astal,0.5573770491803278,0.4098360655737705,0.03278688524590164
413,astalontearsoftheearth,0.43902439024390244,0.5121951219512195,0.04878048780487805
414,astebreed,0.37037037037037035,0.5740740740740741,0.05555555555555555
415,astekaiitemplodelsol,0.28378378378378377,0.5405405405405406,0.17567567567567569
416,asterixandthegreatrescue,0.7096774193548387,0.2903225806451613,0.0
417,asterixandthemagiccarpet,0.45454545454545453,0.45454545454545453,0.09090909090909091
418,asterixoperationgetafix,0.4444444444444444,0.4444444444444444,0.1111111111111111
419,asteroids,0.390625,0.4375,0.171875
420,astrasuperstars,0.43902439024390244,0.4878048780487805,0.07317073170731707
421,astralchain,0.46443514644351463,0.4895397489539749,0.04602510460251046
422,astroblaster,0.14285714285714285,0.7142857142857143,0.14285714285714285
423,astrobotrescuemission,0.5681818181818182,0.3409090909090909,0.09090909090909091
424,astroboyomegafactor,0.6060606060606061,0.3181818181818182,0.07575757575757576
425,astroempires,0.19607843137254902,0.29411764705882354,0.5098039215686274
426,astromarinecorps,0.4166666666666667,0.4166666666666667,0.16666666666666666
427,astrosplayroom,0.6086956521739131,0.30434782608695654,0.08695652173913043
428,astyanax,0.45614035087719296,0.5263157894736842,0.017543859649122806
429,asuka120percent,0.5571428571428572,0.37142857142857144,0.07142857142857142
430,asuraswrath,0.4368770764119601,0.4883720930232558,0.07475083056478406
431,atdeadofnight,0.20512820512820512,0.7435897435897436,0.05128205128205128
432,atnightinapartythewhisperofthesea,0.7096774193548387,0.25806451612903225,0.03225806451612903
433,atthecarnival,0.23529411764705882,0.6470588235294118,0.11764705882352941
434,ataribasketball,0.09090909090909091,0.8181818181818182,0.09090909090909091
435,atelier,0.37962962962962965,0.5185185185185185,0.10185185185185185
436,atelieranniealchemistsofseraisland,0.3333333333333333,0.638095238095238,0.02857142857142857
437,atelierayeshathealchemistofdusk,0.4111111111111111,0.5444444444444444,0.044444444444444446
438,ateliereschaandlogyalchemistsofthedusksky,0.43661971830985913,0.43661971830985913,0.1267605633802817
439,atelierfiristhealchemistandthemysteriousjourney,0.390625,0.515625,0.09375
440,atelieriris2theazothofdestiny,0.2785714285714286,0.6928571428571428,0.02857142857142857
441,atelieriris3grandphantasm,0.4074074074074074,0.5432098765432098,0.04938271604938271
442,atelieririseternalmana,0.2727272727272727,0.696969696969697,0.030303030303030304
443,atelierluluathescionofarland,0.4318181818181818,0.5227272727272727,0.045454545454545456
444,atelierlydieandsuellethealchemistsandthemysteriouspaintings,0.4020618556701031,0.5463917525773195,0.05154639175257732
445,ateliermerurutheapprenticeofarland,0.37349397590361444,0.5421686746987951,0.08433734939759036
446,atelierroronathealchemistofarland,0.32967032967032966,0.5934065934065934,0.07692307692307693
447,atelierryza2lostlegendsandthesecretfairy,0.48717948717948717,0.46153846153846156,0.05128205128205128
448,atelierryzaeverdarknessandthesecrethideout,0.34328358208955223,0.5970149253731343,0.05970149253731343
449,ateliershalliealchemistsofthedusksea,0.4065934065934066,0.4725274725274725,0.12087912087912088
450,ateliersophiethealchemistofthemysteriousbook,0.38596491228070173,0.5614035087719298,0.05263157894736842
451,ateliertotoritheadventurerofarland,0.3492063492063492,0.5873015873015873,0.06349206349206349
452,athena,0.5681818181818182,0.4318181818181818,0.0
453,athenaawakeningfromtheordinarylife,0.3958333333333333,0.5625,0.041666666666666664
454,atlanticaonline,0.3277310924369748,0.6428571428571429,0.029411764705882353
455,atlantis,0.2,0.7,0.1
456,atlantisnonazo,0.4482758620689655,0.5172413793103449,0.034482758620689655
457,atlantisthelostempire,0.6,0.3,0.1
458,atlantisunderwatertycoon,0.5263157894736842,0.42105263157894735,0.05263157894736842
459,atlasreactor,0.20618556701030927,0.6185567010309279,0.17525773195876287
460,ato,0.35294117647058826,0.6470588235294118,0.0
461,atomrpg,0.2457627118644068,0.5508474576271186,0.2033898305084746
462,atomzombiesmasher,0.2987012987012987,0.5324675324675324,0.16883116883116883
463,atomicbomberman,0.5555555555555556,0.4444444444444444,0.0
464,atomicheart,0.07142857142857142,0.7142857142857143,0.21428571428571427
465,atomicrunnerchelnov,0.35,0.5,0.15
466,atomicsociety,0.2,0.6,0.2
467,attackoftheearthlings,0.34615384615384615,0.5384615384615384,0.11538461538461539
468,attackofthemutantpenguins,0.34285714285714286,0.42857142857142855,0.22857142857142856
469,attackontitan2016,0.6029411764705882,0.38235294117647056,0.014705882352941176
470,attackthelight,0.5080213903743316,0.46524064171123,0.026737967914438502
471,ausable,0.38596491228070173,0.5964912280701754,0.017543859649122806
472,audiosurf,0.5909090909090909,0.4090909090909091,0.0
473,aura,0.38333333333333336,0.4666666666666667,0.15
474,aurakingdom,0.43137254901960786,0.5392156862745098,0.029411764705882353
475,aurora4x,0.1111111111111111,0.3111111111111111,0.5777777777777777
476,auroraadventure,0.0,0.6666666666666666,0.3333333333333333
477,avadon,0.22950819672131148,0.7377049180327869,0.03278688524590164
478,avaloncode,0.4067796610169492,0.5480225988700564,0.04519774011299435
479,avarice,0.5192307692307693,0.4423076923076923,0.038461538461538464
480,avatar,0.0,1.0,0.0
481,avatarthelastairbender,0.6304347826086957,0.34782608695652173,0.021739130434782608
482,avatarthelastairbenderintotheinferno,0.5,0.3333333333333333,0.16666666666666666
483,avatarthelastairbendertheburningearth,0.6470588235294118,0.29411764705882354,0.058823529411764705
484,avengingspirit,0.5306122448979592,0.4489795918367347,0.02040816326530612
485,avernum,0.34102564102564104,0.5615384615384615,0.09743589743589744
486,aveyond,0.2875,0.5875,0.125
487,aviaryattorney,0.3082706766917293,0.5714285714285714,0.12030075187969924
488,avo,0.5714285714285714,0.42857142857142855,0.0
489,avoidthenoid,0.4117647058823529,0.5882352941176471,0.0
490,awesomepossumkicksdrmachinosbutt,0.7045454545454546,0.29545454545454547,0.0
491,awesomenauts,0.37572254335260113,0.5028901734104047,0.12138728323699421
492,axelay,0.4657534246575342,0.4794520547945205,0.0547945205479452
493,axiomverge,0.4797297297297297,0.4797297297297297,0.04054054054054054
494,axiomverge2,0.36,0.5,0.14
495,axisandallies,0.17647058823529413,0.4117647058823529,0.4117647058823529
496,ayakashighostguild,0.3488372093023256,0.5813953488372093,0.06976744186046512
497,ayakashiromancereborn,0.34177215189873417,0.569620253164557,0.08860759493670886
498,ayitithecostoflife,0.29411764705882354,0.5882352941176471,0.11764705882352941
499,ayotheclown,0.4791666666666667,0.5,0.020833333333333332
500,azraelstear,0.3181818181818182,0.45454545454545453,0.22727272727272727
501,aztecwars,0.19230769230769232,0.5,0.3076923076923077
502,azurlane,0.34870317002881845,0.5072046109510087,0.1440922190201729
503,azuredreams,0.3686868686868687,0.5454545454545454,0.08585858585858586
504,azurestrikergunvolt,0.452991452991453,0.4985754985754986,0.04843304843304843
505,azurestrikergunvolt2,0.5924170616113744,0.3696682464454976,0.037914691943127965
506,azurestrikergunvolt3,0.0,1.0,0.0
507,azurestrikergunvoltseries,0.4806201550387597,0.4573643410852713,0.06201550387596899
508,bcsquestfortires,0.4,0.5,0.1
509,below,0.3157894736842105,0.631578947368421,0.05263157894736842
510,biofreaks,0.43137254901960786,0.5098039215686274,0.058823529411764705
511,bios,0.14285714285714285,0.7857142857142857,0.07142857142857142
512,bob,0.35714285714285715,0.5714285714285714,0.07142857142857142
513,bssupermariousa,0.5862068965517241,0.41379310344827586,0.0
514,babaisyou,0.5213675213675214,0.4700854700854701,0.008547008547008548
515,babiesdreamofdeadworlds,0.3,0.65,0.05
516,babyfelixhalloween,0.5952380952380952,0.40476190476190477,0.0
517,babysitterbloodbath,0.25,0.7083333333333334,0.041666666666666664
518,back4blood,0.30952380952380953,0.6190476190476191,0.07142857142857142
519,backin1995,0.25925925925925924,0.6666666666666666,0.07407407407407407
520,backtobed,0.1111111111111111,0.8888888888888888,0.0
521,backtothefuture1986,0.5263157894736842,0.47368421052631576,0.0
522,backtothefuture1989,0.42424242424242425,0.5454545454545454,0.030303030303030304
523,backtothefuturepartiiandiii,0.43333333333333335,0.5333333333333333,0.03333333333333333
524,backtothefuturethegame,0.36885245901639346,0.5273224043715847,0.10382513661202186
525,backtothefuturezenstudios,0.3,0.1,0.6
526,backyardsports,0.4751552795031056,0.43167701863354035,0.09316770186335403
527,baconmananadventure,0.5882352941176471,0.4117647058823529,0.0
528,baddayla,0.2361111111111111,0.6666666666666666,0.09722222222222222
529,baddayonthemidway,0.3181818181818182,0.45454545454545453,0.22727272727272727
530,baddudes,0.5540540540540541,0.3783783783783784,0.06756756756756757
531,badmojo,0.34782608695652173,0.5434782608695652,0.10869565217391304
532,badnorth,0.25925925925925924,0.7037037037037037,0.037037037037037035
533,badomen,0.6,0.4,0.0
534,badpiggies,0.47435897435897434,0.47435897435897434,0.05128205128205128
535,badstreetbrawler,0.4666666666666667,0.5333333333333333,0.0
536,badtoys,0.3125,0.6875,0.0
537,badland,0.47619047619047616,0.5238095238095238,0.0
538,badlandbrawl,0.5333333333333333,0.43333333333333335,0.03333333333333333
539,badlands,0.23076923076923078,0.5384615384615384,0.23076923076923078
540,bahamutlagoon,0.3815789473684211,0.5394736842105263,0.07894736842105263
541,bakeryblitz,0.2926829268292683,0.6585365853658537,0.04878048780487805
542,bakubakuanimal,0.5813953488372093,0.3953488372093023,0.023255813953488372
543,balanwonderworld,0.5486725663716814,0.40707964601769914,0.04424778761061947
544,baldisbasicsineducationandlearning,0.5103448275862069,0.4827586206896552,0.006896551724137931
545,baldrforce,0.30434782608695654,0.5217391304347826,0.17391304347826086
546,baldursgate,0.2757009345794392,0.5957943925233645,0.12850467289719625
547,baldursgateii,0.26382978723404255,0.6085106382978723,0.1276595744680851
548,baldursgateiii,0.2564102564102564,0.6474358974358975,0.09615384615384616
549,ballisticng,0.5247524752475248,0.4158415841584158,0.0594059405940594
550,balloonfight,0.42857142857142855,0.5102040816326531,0.061224489795918366
551,balloonkid,0.5333333333333333,0.45,0.016666666666666666
552,ballpointuniverseinfinite,0.36065573770491804,0.6229508196721312,0.01639344262295082
553,ballsofsteel,0.2903225806451613,0.45161290322580644,0.25806451612903225
554,ballz,0.6774193548387096,0.3225806451612903,0.0
555,balmungcycle,0.3684210526315789,0.5263157894736842,0.10526315789473684
556,balthazarsdream,0.23076923076923078,0.6923076923076923,0.07692307692307693
557,bandcampboyfriend,0.41935483870967744,0.5161290322580645,0.06451612903225806
558,bangdreamgirlsbandparty,0.3333333333333333,0.6190476190476191,0.047619047619047616
559,bangaio,0.5833333333333334,0.37962962962962965,0.037037037037037035
560,banished,0.2222222222222222,0.3888888888888889,0.3888888888888889
561,banjokazooie,0.5430944963655244,0.4143302180685358,0.04257528556593977
562,banjokazooiegruntysrevenge,0.5671641791044776,0.373134328358209,0.05970149253731343
563,bankpanic,0.47058823529411764,0.47058823529411764,0.058823529411764705
564,bannerofthemaid,0.3237410071942446,0.5683453237410072,0.1079136690647482
565,banzaipecan,0.5393939393939394,0.44242424242424244,0.01818181818181818
566,baroasis,0.2903225806451613,0.6774193548387096,0.03225806451612903
567,baraduke,0.6756756756756757,0.2972972972972973,0.02702702702702703
568,barbariantheultimatewarrior,0.5357142857142857,0.42857142857142855,0.03571428571428571
569,barbie1991,0.38461538461538464,0.6153846153846154,0.0
570,barbieasrapunzel,0.5263157894736842,0.42105263157894735,0.05263157894736842
