i_doc,doc,Topic 1,Topic 2,Topic 3,Topic 4,Topic 5,Topic 6,Topic 7
0,worldofwarcraft,0.2415483870967742,0.048,0.3112258064516129,0.08903225806451613,0.21083870967741936,0.07716129032258065,0.022193548387096775
1,finalfantasyvii,0.19545104086353124,0.061295296838858905,0.3126445643793369,0.0528141865844256,0.19853508095605243,0.15420200462606015,0.025057825751734774
2,theelderscrollsvskyrim,0.2197328737613098,0.05170185264971995,0.34510986643688063,0.12063765618267988,0.17190866006031882,0.07367514002585093,0.017233950883239983
3,teamfortress2,0.33575317604355714,0.030852994555353903,0.19782214156079855,0.1515426497277677,0.161978221415608,0.08212341197822141,0.039927404718693285
4,masseffect2,0.2984460694698355,0.01736745886654479,0.2783363802559415,0.18692870201096892,0.07678244972577697,0.10374771480804387,0.038391224862888484
5,falloutnewvegas,0.23038090867370353,0.015144561725562184,0.24644332262505736,0.27397888939880677,0.13033501606241396,0.07572280862781092,0.02799449288664525
6,fallout3,0.15176022835394862,0.011417697431018078,0.22978116079923883,0.28163653663177923,0.131779257849667,0.170313986679353,0.023311132254995242
7,masseffect3,0.29193468579910936,0.013854527461652647,0.2765957446808511,0.18901533894111827,0.09104403760514597,0.10044532409698169,0.03711034141514102
8,dragonageorigins,0.250499001996008,0.05089820359281437,0.3907185628742515,0.08033932135728543,0.13023952095808383,0.07684630738522955,0.020459081836327345
9,persona3,0.22997275204359674,0.05340599455040872,0.31662125340599456,0.02779291553133515,0.18692098092643053,0.1771117166212534,0.008174386920980926
10,persona5,0.3598635588402501,0.06196702671972712,0.27970437748720867,0.052870949403069925,0.1404206935758954,0.0778851620238772,0.027288231949971573
11,finalfantasyvi,0.15059897318881918,0.07016543069024529,0.3439817455790074,0.02452937820878494,0.22932116371933828,0.16657159155733028,0.014831717056474614
12,theelderscrollsivoblivion,0.16532258064516128,0.03859447004608295,0.3191244239631336,0.125,0.17684331797235023,0.1630184331797235,0.012096774193548387
13,thelegendofzeldaocarinaoftime,0.11493582263710618,0.15344224037339557,0.31505250875145857,0.047257876312718786,0.20945157526254377,0.15402567094515754,0.005834305717619603
14,dragonageii,0.2927120669056153,0.04778972520908005,0.3763440860215054,0.06989247311827956,0.10931899641577061,0.08363201911589008,0.02031063321385902
15,fallout,0.13349514563106796,0.014563106796116505,0.22269417475728157,0.30097087378640774,0.15169902912621358,0.1553398058252427,0.021237864077669904
16,chronotrigger,0.1529126213592233,0.06553398058252427,0.32402912621359226,0.04308252427184466,0.25485436893203883,0.15048543689320387,0.009101941747572815
17,metalgear,0.19282238442822383,0.025547445255474453,0.2305352798053528,0.11982968369829684,0.12226277372262774,0.20316301703163017,0.10583941605839416
18,persona4,0.33496631965707285,0.05572565829761176,0.33435394978567057,0.02449479485609308,0.15370483772198407,0.07960808328230251,0.017146356399265157
19,finalfantasyxiv,0.1913312693498452,0.0804953560371517,0.33869969040247677,0.047058823529411764,0.2501547987616099,0.08297213622291022,0.009287925696594427
20,thelegendofzeldabreathofthewild,0.15403726708074533,0.13788819875776398,0.3273291925465838,0.06770186335403727,0.2217391304347826,0.08509316770186336,0.006211180124223602
21,cityofheroes,0.10206637445209768,0.033813400125234816,0.25046963055729493,0.12398246712586099,0.25234815278647466,0.17908578584846588,0.05823418910457107
22,thelegendofzeldatwilightprincess,0.12100313479623824,0.13793103448275862,0.30532915360501567,0.05203761755485893,0.21818181818181817,0.1592476489028213,0.006269592476489028
23,leagueoflegends,0.21351863550221098,0.05053695514845231,0.26847757422615287,0.06759317751105495,0.24826279216677194,0.13455464308275428,0.017056222362602652
24,finalfantasyviii,0.1535031847133758,0.06878980891719745,0.32802547770700635,0.040127388535031845,0.23630573248407644,0.15987261146496815,0.01337579617834395
25,sonicthehedgehog,0.17360666239590006,0.04932735426008968,0.2946828955797566,0.03843689942344651,0.3068545803971813,0.12491992312620115,0.012171684817424727
26,finalfantasyx,0.17930591259640102,0.08226221079691516,0.37467866323907456,0.032133676092544985,0.22557840616966582,0.09254498714652956,0.013496143958868894
27,overwatch,0.24664879356568364,0.030160857908847184,0.17962466487935658,0.12533512064343164,0.15951742627345844,0.21514745308310992,0.0435656836461126
28,metalgearsolid,0.21409395973154363,0.024832214765100672,0.24496644295302014,0.10335570469798658,0.10134228187919463,0.21140939597315436,0.1
29,supersmashbros,0.1684931506849315,0.05958904109589041,0.276027397260274,0.05,0.3452054794520548,0.08767123287671233,0.013013698630136987
30,undertale,0.3514070006863418,0.06794783802333562,0.26835964310226496,0.04941660947151681,0.15442690459849004,0.091283459162663,0.017158544955387784
31,touhou,0.29896907216494845,0.07010309278350516,0.2309278350515464,0.05360824742268041,0.19243986254295534,0.13539518900343642,0.018556701030927835
32,talesofsymphonia,0.1507537688442211,0.06604450825556353,0.3646805455850682,0.022254127781765973,0.22972002871500358,0.15649676956209618,0.010050251256281407
33,dragonageinquisition,0.32875722543352603,0.04985549132947977,0.35621387283236994,0.06647398843930635,0.09754335260115607,0.08236994219653179,0.01878612716763006
34,mother3,0.19724437998549674,0.05946337926033358,0.28063814358230604,0.03698332124728064,0.19724437998549674,0.2131979695431472,0.015228426395939087
35,thelegendofzeldaskywardsword,0.112,0.12509090909090909,0.30763636363636365,0.03927272727272727,0.22036363636363637,0.1890909090909091,0.006545454545454545
36,kingdomofloathing,0.2955376737381127,0.043891733723482075,0.2121433796634967,0.07095830285296269,0.2033650329188003,0.15581565471836137,0.018288222384784197
37,warcraft,0.005852231163130944,0.051207022677395755,0.3701536210680322,0.07315288953913679,0.24359912216532553,0.2282370153621068,0.027798098024871983
38,blazblue,0.19390787518573552,0.048291233283803865,0.2890044576523031,0.02674591381872214,0.23699851411589895,0.19093610698365526,0.01411589895988113
39,kingdomheartsii,0.12342007434944238,0.11747211895910781,0.2483271375464684,0.023048327137546468,0.2066914498141264,0.2684014869888476,0.012639405204460967
40,fireemblemawakening,0.22288706058339566,0.1323859386686612,0.39715781600598354,0.016454749439042633,0.14360508601346297,0.07853403141361257,0.008975317875841436
41,finalfantasyxii,0.08214016578749057,0.07611152976639035,0.33911077618688773,0.03918613413715147,0.28334589299171065,0.17030896759608138,0.009796533534287867
42,fallout4,0.20045731707317074,0.011432926829268292,0.25228658536585363,0.2995426829268293,0.1486280487804878,0.0701219512195122,0.01753048780487805
43,theelderscrollsiiimorrowind,0.1561771561771562,0.04195804195804196,0.38306138306138304,0.11499611499611499,0.21445221445221446,0.07847707847707848,0.010878010878010878
44,warcraftiii,0.005443234836702955,0.045878693623639194,0.3320373250388802,0.08398133748055987,0.2682737169517885,0.2301710730948678,0.03421461897356143
45,halflife2,0.160828025477707,0.014331210191082803,0.21178343949044587,0.2802547770700637,0.10111464968152867,0.20302547770700638,0.028662420382165606
46,darksouls,0.08974358974358974,0.038461538461538464,0.3838141025641026,0.07291666666666667,0.25080128205128205,0.15384615384615385,0.010416666666666666
47,thelegendofzeldathewindwaker,0.09797570850202429,0.13522267206477734,0.28663967611336033,0.05101214574898785,0.242914979757085,0.17813765182186234,0.008097165991902834
48,finalfantasyxiii,0.10746513535684987,0.04922067268252666,0.3314191960623462,0.03609515996718622,0.24856439704675964,0.20508613617719443,0.022149302707136997
49,dwarffortress,0.1787479406919275,0.03706754530477759,0.2883031301482702,0.12932454695222406,0.1672158154859967,0.17627677100494235,0.023064250411861616
50,masseffect1,0.16169154228855723,0.02155887230514096,0.25787728026533996,0.20398009950248755,0.11442786069651742,0.208955223880597,0.03150912106135987
51,thelegendofzeldamajorasmask,0.14693534844668346,0.11586901763224182,0.31905961376994124,0.0436607892527288,0.22082283795130142,0.14609571788413098,0.007556675062972292
52,finalfantasyiv,0.10968294772922023,0.0805484147386461,0.34875749785775495,0.01456726649528706,0.28363324764353043,0.155955441302485,0.006855184233076264
53,papermariothethousandyeardoor,0.1762652705061082,0.08464223385689354,0.2591623036649215,0.027923211169284468,0.23472949389179756,0.19895287958115182,0.01832460732984293
54,theworldendswithyou,0.19352014010507881,0.05866900175131348,0.28458844133099825,0.025394045534150613,0.19176882661996497,0.23555166374781086,0.010507880910683012
55,portal2,0.27048458149779736,0.021145374449339206,0.18590308370044054,0.11365638766519824,0.10572687224669604,0.2801762114537445,0.02290748898678414
56,xenobladechronicles1,0.1166077738515901,0.06448763250883392,0.2773851590106007,0.03445229681978799,0.25176678445229683,0.24646643109540636,0.0088339222614841
57,thelegendofheroestrailsofcoldsteel,0.2242152466367713,0.03766816143497758,0.3022421524663677,0.03497757847533632,0.15515695067264573,0.22690582959641256,0.01883408071748879
58,talesoftheabyss,0.1532912533814247,0.059513074842200184,0.33363390441839497,0.020739404869251576,0.2037871956717764,0.2164111812443643,0.012623985572587917
59,grandtheftautosanandreas,0.18034265103697025,0.004508566275924256,0.14878268710550044,0.15058611361587015,0.0829576194770063,0.3056807935076646,0.12714156898106402
60,metalgearsolid3snakeeater,0.18157181571815717,0.018970189701897018,0.22673893405600723,0.12466124661246612,0.0966576332429991,0.25835591689250226,0.0930442637759711
61,devilmaycry,0.11373976342129208,0.050955414012738856,0.3184713375796178,0.056414922656960874,0.26933575978161967,0.16924476797088261,0.02183803457688808
62,megamanx,0.09927140255009108,0.039162112932604735,0.35154826958105645,0.023679417122040074,0.2795992714025501,0.18579234972677597,0.020947176684881604
63,minecraft,0.22518382352941177,0.05606617647058824,0.26286764705882354,0.10753676470588236,0.234375,0.10202205882352941,0.011948529411764705
64,pokemonsunandmoon,0.17463235294117646,0.13878676470588236,0.2849264705882353,0.02389705882352941,0.19209558823529413,0.17371323529411764,0.011948529411764705
65,superrobotwars,0.12639405204460966,0.028810408921933085,0.3104089219330855,0.06970260223048327,0.23048327137546468,0.20910780669144982,0.02509293680297398
66,thekingoffighters,0.18028169014084508,0.044131455399061034,0.3089201877934272,0.016901408450704224,0.28075117370892017,0.15211267605633802,0.016901408450704224
67,fireemblemfates,0.18685446009389672,0.13896713615023473,0.4225352112676056,0.018779342723004695,0.14460093896713616,0.07699530516431925,0.011267605633802818
68,metalgearsolid4gunsofthepatriots,0.16195856873822975,0.014124293785310734,0.2335216572504708,0.11864406779661017,0.1007532956685499,0.2749529190207156,0.096045197740113
69,tekken,0.18473138548539114,0.029217719132893498,0.26107445805843543,0.034872761545711596,0.27521206409048066,0.19227144203581528,0.022620169651272386
70,borderlands2,0.27882797731569,0.01984877126654064,0.2570888468809074,0.1937618147448015,0.1275992438563327,0.09546313799621928,0.027410207939508508
71,pokemonblackandwhite,0.13014354066985645,0.16937799043062202,0.3263157894736842,0.027751196172248804,0.19138755980861244,0.13875598086124402,0.016267942583732056
72,guiltygear,0.187015503875969,0.040697674418604654,0.30426356589147285,0.02616279069767442,0.27810077519379844,0.1501937984496124,0.013565891472868217
73,metalgearsolid2sonsofliberty,0.17745098039215687,0.0196078431372549,0.22549019607843138,0.09117647058823529,0.11176470588235295,0.2823529411764706,0.09215686274509804
74,finalfantasyix,0.153921568627451,0.10588235294117647,0.3637254901960784,0.01764705882352941,0.2607843137254902,0.09019607843137255,0.00784313725490196
75,residentevil4,0.1141732283464567,0.012795275590551181,0.24901574803149606,0.20078740157480315,0.1377952755905512,0.2529527559055118,0.03248031496062992
76,doom,0.14187192118226602,0.023645320197044337,0.23842364532019705,0.21280788177339902,0.17536945812807883,0.18817733990147784,0.019704433497536946
77,megamanbattlenetwork,0.12648221343873517,0.039525691699604744,0.29545454545454547,0.030632411067193676,0.2816205533596838,0.21146245059288538,0.014822134387351778
78,okami,0.13346613545816732,0.09661354581673307,0.301792828685259,0.03286852589641434,0.24701195219123506,0.18326693227091634,0.0049800796812749
79,finalfantasyv,0.075,0.089,0.36,0.008,0.308,0.155,0.005
80,soulseries,0.10220440881763528,0.052104208416833664,0.3106212424849699,0.03406813627254509,0.30060120240480964,0.18236472945891782,0.018036072144288578
81,modernwarfare,0.1185929648241206,0.005025125628140704,0.14472361809045226,0.23819095477386934,0.08040201005025126,0.33869346733668343,0.0743718592964824
82,pokemonxandy,0.13782696177062373,0.12877263581488935,0.2977867203219316,0.026156941649899398,0.2022132796780684,0.19014084507042253,0.01710261569416499
83,kingdomheartsiii,0.10898082744702321,0.08678102926337034,0.218970736629667,0.01917255297679112,0.20484359233097882,0.35418768920282545,0.007063572149344097
84,bayonetta,0.1484848484848485,0.051515151515151514,0.2818181818181818,0.04242424242424243,0.26161616161616164,0.19494949494949496,0.01919191919191919
85,thewitcher3wildhunt,0.22346938775510203,0.02959183673469388,0.2163265306122449,0.07653061224489796,0.10102040816326531,0.33163265306122447,0.02142857142857143
86,batmanarkhamcity,0.18775510204081633,0.00816326530612245,0.16020408163265307,0.14591836734693878,0.09897959183673469,0.3520408163265306,0.04693877551020408
87,talesofvesperia,0.13934426229508196,0.0471311475409836,0.3463114754098361,0.031762295081967214,0.25,0.17520491803278687,0.010245901639344262
88,kidicarusuprising,0.14845360824742268,0.05670103092783505,0.277319587628866,0.04845360824742268,0.20824742268041238,0.25463917525773194,0.006185567010309278
89,deusexhumanrevolution,0.1711340206185567,0.010309278350515464,0.1556701030927835,0.25463917525773194,0.06597938144329897,0.29690721649484536,0.04536082474226804
90,superpapermario,0.20330237358101136,0.07430340557275542,0.23116615067079463,0.01238390092879257,0.23219814241486067,0.23323013415892674,0.013415892672858616
91,persona2,0.23760330578512398,0.05785123966942149,0.2634297520661157,0.04338842975206612,0.19421487603305784,0.18388429752066116,0.01962809917355372
92,kingdomheartsbirthbysleep,0.09533678756476684,0.09844559585492228,0.2528497409326425,0.008290155440414507,0.22901554404145077,0.30362694300518134,0.012435233160621761
93,guildwars2,0.11514522821576763,0.03630705394190872,0.2883817427385892,0.07572614107883817,0.23236514522821577,0.237551867219917,0.014522821576763486
94,banjokazooie,0.17133956386292834,0.06542056074766354,0.2502596053997923,0.04361370716510903,0.23260643821391486,0.22637590861889928,0.010384215991692628
95,xcomenemyunknown,0.09791666666666667,0.010416666666666666,0.19583333333333333,0.240625,0.14479166666666668,0.25729166666666664,0.053125
96,chronocross,0.12943632567849686,0.0720250521920668,0.29331941544885176,0.027139874739039668,0.2536534446764092,0.21711899791231734,0.007306889352818371
97,sonicadventure2,0.12016718913270637,0.018808777429467086,0.2664576802507837,0.04179728317659352,0.25705329153605017,0.27586206896551724,0.019853709508881923
98,maxpayne,0.0010471204188481676,0.0062827225130890054,0.15078534031413612,0.2774869109947644,0.040837696335078534,0.3287958115183246,0.19476439790575917
99,deusex,0.13522012578616352,0.012578616352201259,0.21278825995807127,0.2851153039832285,0.0859538784067086,0.2190775681341719,0.049266247379454925
100,psychonauts,0.3060796645702306,0.03249475890985325,0.16981132075471697,0.0649895178197065,0.149895178197065,0.2389937106918239,0.03773584905660377
101,gearsofwar,0.07651991614255765,0.010482180293501049,0.1960167714884696,0.20964360587002095,0.12264150943396226,0.3312368972746331,0.05345911949685535
102,planescapetorment,0.22655426765015807,0.03898840885142255,0.27713382507903056,0.0737618545837724,0.18440463645943098,0.18440463645943098,0.014752370916754479
103,supersmashbrosultimate,0.12539515279241306,0.0505795574288725,0.2476290832455216,0.03582718651211802,0.30031612223393045,0.23076923076923078,0.009483667017913594
104,diabloii,0.0582010582010582,0.03492063492063492,0.34074074074074073,0.0656084656084656,0.27195767195767195,0.21798941798941798,0.010582010582010581
105,fireemblemthreehouses,0.2330508474576271,0.13241525423728814,0.3940677966101695,0.015889830508474576,0.13347457627118645,0.08050847457627118,0.01059322033898305
106,dragonquest,0.05970149253731343,0.10127931769722814,0.34968017057569295,0.014925373134328358,0.337953091684435,0.1279317697228145,0.008528784648187633
107,animalcrossing,0.2638888888888889,0.10256410256410256,0.1987179487179487,0.02564102564102564,0.23397435897435898,0.1655982905982906,0.009615384615384616
108,godofwar,0.15252416756176154,0.03329752953813104,0.23952738990332975,0.055853920515574654,0.16648764769065522,0.3447905477980666,0.007518796992481203
109,finalfantasyx2,0.12580645161290321,0.04946236559139785,0.32903225806451614,0.03333333333333333,0.26344086021505375,0.1860215053763441,0.012903225806451613
110,marathon,0.09698275862068965,0.014008620689655173,0.22413793103448276,0.22844827586206898,0.10991379310344827,0.3081896551724138,0.018318965517241378
111,civilization,0.15384615384615385,0.020585048754062838,0.2221018418201517,0.17984832069339113,0.17768147345612134,0.21018418201516792,0.035752979414951244
112,saintsrowthethird,0.1926006528835691,0.013057671381936888,0.15451577801958652,0.14363438520130578,0.09357997823721437,0.30903155603917304,0.09357997823721437
113,finalfantasytactics,0.0916030534351145,0.04907306434023991,0.2857142857142857,0.03707742639040349,0.2955288985823337,0.2268266085059978,0.014176663031624863
114,starcraft,0.13333333333333333,0.024043715846994537,0.2174863387978142,0.26994535519125684,0.16393442622950818,0.15300546448087432,0.03825136612021858
115,bloodborne,0.14709110867178923,0.031833150384193196,0.31833150384193193,0.09220636663007684,0.18331503841931943,0.21295279912184412,0.014270032930845226
116,megamanclassic,0.15367727771679474,0.029637760702524697,0.33040614709110866,0.03732162458836443,0.3040614709110867,0.12952799121844127,0.015367727771679473
117,cavestory,0.10363836824696802,0.05181918412348401,0.2866593164277839,0.04961411245865491,0.22822491730981256,0.27342888643880925,0.006615214994487321
118,sonicadventure,0.10584343991179714,0.03307607497243661,0.29988974641675853,0.037486218302094816,0.2624035281146637,0.2535832414553473,0.007717750826901874
119,grandtheftauto,0.15138121546961325,0.009944751381215469,0.13038674033149172,0.19558011049723756,0.10828729281767956,0.2022099447513812,0.2022099447513812
120,megamanzero,0.08657047724750278,0.04661487236403995,0.37846836847946724,0.021087680355160933,0.2297447280799112,0.2142064372918979,0.023307436182019976
121,fallout2,0.12806236080178174,0.008908685968819599,0.2071269487750557,0.27616926503340755,0.16369710467706014,0.19265033407572382,0.02338530066815145
122,grandtheftautoiv,0.20378619153674832,0.004454342984409799,0.14365256124721604,0.17371937639198218,0.0645879732739421,0.27728285077951004,0.13251670378619154
123,xenobladechronicles2,0.12247191011235956,0.04943820224719101,0.28876404494382024,0.028089887640449437,0.24719101123595505,0.250561797752809,0.01348314606741573
124,fategrandorder,0.3717217787913341,0.07867730900798175,0.2519954389965792,0.036488027366020526,0.17559863169897377,0.07411630558722919,0.011402508551881414
125,pokemonrubyandsapphire,0.10894495412844037,0.14908256880733944,0.30963302752293576,0.022935779816513763,0.19495412844036697,0.2018348623853211,0.01261467889908257
126,finalfantasyxv,0.11940298507462686,0.05510907003444317,0.2468427095292767,0.03903559127439724,0.2365097588978186,0.2847301951779564,0.018369690011481057
127,bioshock1,0.19560185185185186,0.016203703703703703,0.1863425925925926,0.24074074074074073,0.09375,0.2361111111111111,0.03125
128,left4dead,0.16435185185185186,0.010416666666666666,0.18287037037037038,0.2673611111111111,0.13078703703703703,0.2048611111111111,0.03935185185185185
129,goldensun,0.10672853828306264,0.06496519721577726,0.3259860788863109,0.025522041763341066,0.3167053364269142,0.1531322505800464,0.0069605568445475635
130,splatoon,0.18699186991869918,0.059233449477351915,0.2497096399535424,0.07665505226480836,0.23344947735191637,0.18118466898954705,0.012775842044134728
131,metalgearrisingrevengeance,0.13953488372093023,0.019767441860465116,0.2186046511627907,0.09186046511627907,0.15813953488372093,0.30348837209302326,0.0686046511627907
132,genshinimpact,0.13317757009345793,0.052570093457943924,0.25817757009345793,0.03154205607476635,0.2885514018691589,0.23014018691588786,0.005841121495327103
133,samuraishodown,0.1308411214953271,0.0455607476635514,0.29789719626168226,0.028037383177570093,0.26401869158878505,0.21261682242990654,0.02102803738317757
134,baldursgate,0.1705607476635514,0.03271028037383177,0.32710280373831774,0.08411214953271028,0.21378504672897197,0.15654205607476634,0.015186915887850467
135,xenobladechroniclesx,0.10470588235294118,0.027058823529411764,0.2811764705882353,0.0811764705882353,0.21411764705882352,0.26941176470588235,0.02235294117647059
136,batmanarkhamknight,0.20141342756183744,0.012956419316843345,0.1413427561837456,0.1071849234393404,0.06831566548881036,0.4075382803297998,0.061248527679623084
137,callofduty,0.1071849234393404,0.01060070671378092,0.16372202591283863,0.2850412249705536,0.1154299175500589,0.232037691401649,0.08598351001177856
138,perfectdark,0.0011792452830188679,0.00589622641509434,0.2134433962264151,0.35141509433962265,0.09080188679245282,0.2617924528301887,0.07547169811320754
139,kingdomheartsi,0.099644128113879,0.11150652431791222,0.2443653618030842,0.0166073546856465,0.269276393831554,0.24673784104389088,0.011862396204033215
140,pokemonredandblue,0.09026128266033254,0.15320665083135393,0.33016627078384797,0.021377672209026127,0.22446555819477435,0.166270783847981,0.014251781472684086
141,xcom2,0.09654350417163289,0.015494636471990465,0.19785458879618595,0.24433849821215733,0.13110846245530394,0.26817640047675806,0.04648390941597139
142,reddeadredemption,0.23832335329341317,0.016766467065868262,0.14491017964071856,0.13293413173652693,0.081437125748503,0.34251497005988024,0.04311377245508982
143,thelegendofzeldaalinktothepast,0.07923169267707082,0.12004801920768307,0.3745498199279712,0.05162064825930372,0.22208883553421369,0.14285714285714285,0.009603841536614645
144,sengokubasara,0.15486194477791115,0.056422569027611044,0.2845138055222089,0.025210084033613446,0.24489795918367346,0.21368547418967587,0.02040816326530612
145,metalgearsolidvthephantompain,0.14921780986762936,0.010830324909747292,0.2045728038507822,0.13598074608904934,0.07821901323706378,0.34296028880866425,0.07821901323706378
146,borderlands,0.18674698795180722,0.01927710843373494,0.25060240963855424,0.2289156626506024,0.1891566265060241,0.09156626506024096,0.033734939759036145
147,halflife,0.1678743961352657,0.010869565217391304,0.19927536231884058,0.27294685990338163,0.10024154589371981,0.2246376811594203,0.024154589371980676
148,starcontrol,0.14652014652014653,0.020757020757020756,0.20146520146520147,0.21245421245421245,0.1452991452991453,0.2454212454212454,0.028083028083028084
149,cyberpunk2077,0.21123321123321123,0.017094017094017096,0.18437118437118438,0.17338217338217338,0.10134310134310134,0.2673992673992674,0.045177045177045176
150,finalfantasyxi,0.0690505548705302,0.059186189889025895,0.3279901356350185,0.04438964241676942,0.33292231812577067,0.15413070283600494,0.012330456226880395
151,prototype,0.12222222222222222,0.012345679012345678,0.21358024691358024,0.16913580246913582,0.14320987654320988,0.29876543209876544,0.040740740740740744
152,dynastywarriors,0.1161928306551298,0.038318912237330034,0.3288009888751545,0.038318912237330034,0.24721878862793573,0.2200247218788628,0.011124845488257108
153,grandtheftautov,0.27757125154894674,0.008674101610904586,0.13506815365551425,0.1771995043370508,0.06939281288723669,0.14745972738537794,0.18463444857496902
154,theelderscrollsonline,0.12049689440993788,0.03850931677018633,0.26956521739130435,0.0670807453416149,0.2,0.28695652173913044,0.017391304347826087
155,megamanstarforce,0.13930348258706468,0.046019900497512436,0.2885572139303483,0.02736318407960199,0.23880597014925373,0.2512437810945274,0.008706467661691543
156,shantae,0.13625,0.0575,0.2775,0.025,0.235,0.26125,0.0075
157,supermariogalaxy,0.06,0.0575,0.28875,0.05375,0.3675,0.1725,0.0
158,fireemblempathofradiance,0.056320400500625784,0.17146433041301626,0.39424280350438046,0.01376720901126408,0.1639549436795995,0.18773466833541927,0.012515644555694618
159,darkestdungeon,0.14912280701754385,0.023809523809523808,0.2619047619047619,0.10150375939849623,0.19548872180451127,0.2543859649122807,0.013784461152882205
160,darksoulsi,0.07169811320754717,0.03522012578616352,0.3584905660377358,0.04905660377358491,0.24276729559748428,0.23144654088050315,0.011320754716981131
161,monsterhunter,0.1111111111111111,0.06186868686868687,0.3573232323232323,0.07196969696969698,0.30934343434343436,0.08207070707070707,0.006313131313131313
162,xenogears,0.09848484848484848,0.056818181818181816,0.2866161616161616,0.07196969696969698,0.22727272727272727,0.2361111111111111,0.022727272727272728
163,thesecretworld,0.30279898218829515,0.03307888040712468,0.18447837150127228,0.11577608142493638,0.11577608142493638,0.21119592875318066,0.03689567430025445
164,fireemblemtheblazingblade,0.06306306306306306,0.13127413127413126,0.398970398970399,0.01287001287001287,0.14671814671814673,0.23680823680823682,0.010296010296010296
165,splatoon2,0.17654639175257733,0.03608247422680412,0.2654639175257732,0.07603092783505154,0.21649484536082475,0.21262886597938144,0.01675257731958763
166,assassinscreedii,0.17548387096774193,0.02967741935483871,0.22064516129032258,0.11483870967741935,0.12645161290322582,0.29161290322580646,0.04129032258064516
167,divinityoriginalsinii,0.16516129032258065,0.04516129032258064,0.28258064516129033,0.08645161290322581,0.19741935483870968,0.2129032258064516,0.01032258064516129
168,diablo,0.07612903225806451,0.04258064516129032,0.3638709677419355,0.06709677419354838,0.2735483870967742,0.1625806451612903,0.014193548387096775
169,talesseries,0.06589147286821706,0.05555555555555555,0.35400516795865633,0.012919896640826873,0.3578811369509044,0.14987080103359174,0.003875968992248062
170,neverwinternights,0.15762273901808785,0.03488372093023256,0.35012919896640826,0.09302325581395349,0.18992248062015504,0.16149870801033592,0.012919896640826873
171,fireemblemradiantdawn,0.050387596899224806,0.18863049095607234,0.4018087855297158,0.014211886304909561,0.1640826873385013,0.17183462532299743,0.00904392764857881
172,skiesofarcadia,0.11284046692607004,0.03501945525291829,0.33722438391699094,0.05058365758754864,0.2814526588845655,0.17120622568093385,0.011673151750972763
173,nierautomata,0.12873862158647595,0.02600780234070221,0.25617685305591675,0.07672301690507152,0.15214564369310793,0.33550065019505854,0.0247074122236671
174,haloreach,0.06380208333333333,0.006510416666666667,0.23177083333333334,0.23177083333333334,0.09244791666666667,0.3255208333333333,0.048177083333333336
175,fallenlondon,0.2851511169513798,0.052562417871222074,0.17608409986859397,0.08672798948751642,0.12746386333771353,0.2575558475689882,0.01445466491458607
176,pokemongoldandsilver,0.11578947368421053,0.1868421052631579,0.3526315789473684,0.019736842105263157,0.1881578947368421,0.12763157894736843,0.009210526315789473
177,valkyriachronicles,0.12648221343873517,0.023715415019762844,0.2753623188405797,0.10540184453227931,0.152832674571805,0.2635046113306983,0.052700922266139656
178,xenosaga,0.12945838837516513,0.02906208718626156,0.285336856010568,0.08190224570673713,0.21796565389696168,0.23645970937912814,0.019815059445178335
179,thesims,0.4581673306772908,0.055776892430278883,0.16865869853917662,0.08632138114209828,0.0903054448871182,0.12084993359893759,0.0199203187250996
180,cityofvillains,0.03462050599201065,0.019973368841544607,0.2197070572569907,0.10652463382157124,0.2596537949400799,0.28894806924101196,0.07057256990679095
181,dishonored,0.18230563002680966,0.0160857908847185,0.2158176943699732,0.15415549597855227,0.10187667560321716,0.29892761394101874,0.030831099195710455
182,earthbound,0.21879194630872484,0.07248322147651007,0.338255033557047,0.04161073825503356,0.22684563758389262,0.087248322147651,0.01476510067114094
183,warframe,0.16150740242261102,0.03095558546433378,0.30955585464333785,0.20995962314939434,0.2180349932705249,0.047106325706594884,0.02288021534320323
184,hollowknight,0.10242587601078167,0.06064690026954178,0.2857142857142857,0.0660377358490566,0.2398921832884097,0.22776280323450135,0.01752021563342318
185,portal,0.2598105548037889,0.014884979702300407,0.2083897158322057,0.18944519621109607,0.11907983761840325,0.1880920162381597,0.02029769959404601
186,pokemonswordandshield,0.13667117726657646,0.11907983761840325,0.28010825439783493,0.02706359945872801,0.22056833558863329,0.20568335588633288,0.010825439783491205
187,shinmegamitenseiiv,0.12618724559023067,0.04613297150610583,0.2930800542740841,0.05698778833107191,0.20488466757123475,0.2618724559023066,0.010854816824966078
188,mortalkombat11,0.2100954979536153,0.04638472032742155,0.15416098226466576,0.06412005457025921,0.1582537517053206,0.33560709413369716,0.03137789904502047
189,kingdomhearts3ddreamdropdistance,0.08458390177353342,0.12278308321964529,0.2373806275579809,0.015006821282401092,0.2291950886766712,0.30013642564802184,0.010914051841746248
190,heroesofmightandmagic,0.11354309165526676,0.047879616963064295,0.3707250341997264,0.05198358413132695,0.2024623803009576,0.19562243502051985,0.017783857729138167
191,residentevil6,0.1326949384404925,0.013679890560875513,0.18467852257181944,0.15868673050615595,0.12585499316005472,0.3392612859097127,0.04514363885088919
192,supersmashbrosbrawl,0.10547945205479452,0.0547945205479452,0.31232876712328766,0.049315068493150684,0.28904109589041094,0.18356164383561643,0.005479452054794521
193,assassinscreediii,0.16918844566712518,0.02063273727647868,0.17881705639614856,0.10866574965612105,0.10041265474552957,0.39614855570839064,0.026134800550206328
194,jadeempire,0.17079889807162535,0.05785123966942149,0.2699724517906336,0.06060606060606061,0.18319559228650137,0.24380165289256198,0.013774104683195593
195,supermario64,0.0856353591160221,0.06353591160220995,0.287292817679558,0.026243093922651933,0.3356353591160221,0.20165745856353592,0.0
196,megamanzx,0.10249307479224377,0.02631578947368421,0.3462603878116344,0.02631578947368421,0.2631578947368421,0.22437673130193905,0.0110803324099723
197,nethack,0.13146853146853146,0.03776223776223776,0.3412587412587413,0.08811188811188811,0.24335664335664337,0.15244755244755245,0.005594405594405594
198,payday2,0.1400560224089636,0.00980392156862745,0.1484593837535014,0.18907563025210083,0.11484593837535013,0.3403361344537815,0.05742296918767507
199,batmanarkhamasylum,0.1729957805907173,0.009845288326300985,0.16877637130801687,0.180028129395218,0.0970464135021097,0.32770745428973275,0.04360056258790436
200,thelegendofheroestrailsinthesky,0.1456859971711457,0.04101838755304102,0.27722772277227725,0.02263083451202263,0.22206506364922207,0.2814710042432815,0.009900990099009901
201,etrianodyssey,0.056657223796033995,0.03824362606232295,0.330028328611898,0.03541076487252125,0.32577903682719545,0.2096317280453258,0.00424929178470255
202,pokemondiamondandpearl,0.0950354609929078,0.17872340425531916,0.3588652482269504,0.02553191489361702,0.20709219858156028,0.12198581560283688,0.01276595744680851
203,darksoulsii,0.06950354609929078,0.03829787234042553,0.38156028368794326,0.07234042553191489,0.20567375886524822,0.22127659574468084,0.011347517730496455
204,baldursgateii,0.16312056737588654,0.04113475177304964,0.34184397163120567,0.059574468085106386,0.1574468085106383,0.225531914893617,0.011347517730496455
205,supermariorpg,0.1251778093883357,0.09103840682788052,0.30867709815078237,0.01422475106685633,0.2930298719772404,0.16358463726884778,0.004267425320056899
206,sonicthehedgehog2006,0.10526315789473684,0.031294452347083924,0.27311522048364156,0.02275960170697013,0.24324324324324326,0.3186344238975818,0.005689900426742532
207,kirby,0.09401709401709402,0.07122507122507123,0.2678062678062678,0.019943019943019943,0.33048433048433046,0.20797720797720798,0.008547008547008548
208,supermariobros,0.11697574893009986,0.0898716119828816,0.24679029957203993,0.024251069900142655,0.28530670470756064,0.2268188302425107,0.009985734664764621
209,left4dead2,0.1657142857142857,0.005714285714285714,0.19428571428571428,0.25,0.12,0.22714285714285715,0.037142857142857144
210,supermarioodyssey,0.14163090128755365,0.09298998569384835,0.2474964234620887,0.024320457796852647,0.25894134477825465,0.2246065808297568,0.010014306151645207
211,nomoreheroes,0.1977077363896848,0.02148997134670487,0.24498567335243554,0.08595988538681948,0.19627507163323782,0.2191977077363897,0.034383954154727794
212,saintsrowiv,0.21294964028776978,0.008633093525179856,0.17841726618705037,0.1410071942446043,0.07625899280575539,0.3410071942446043,0.041726618705035974
213,maplestory,0.09104046242774566,0.05202312138728324,0.2514450867052023,0.059248554913294796,0.3106936416184971,0.2254335260115607,0.010115606936416185
214,dissidiafinalfantasy,0.11627906976744186,0.10174418604651163,0.35755813953488375,0.015988372093023256,0.29505813953488375,0.10319767441860465,0.010174418604651164
215,firstencounterassaultrecon,0.11935953420669577,0.004366812227074236,0.1950509461426492,0.2765647743813683,0.07860262008733625,0.28093158660844253,0.04512372634643377
216,residentevil5,0.10771470160116449,0.010189228529839884,0.24745269286754004,0.19359534206695778,0.1586608442503639,0.25327510917030566,0.02911208151382824
217,metalslug,0.07007299270072993,0.017518248175182483,0.2905109489051095,0.1386861313868613,0.21897810218978103,0.22627737226277372,0.03795620437956204
218,assassinscreedodyssey,0.14285714285714285,0.03240058910162003,0.20765832106038293,0.07952871870397643,0.12665684830633284,0.3784977908689249,0.03240058910162003
219,mortalkombatx,0.19734904270986744,0.036818851251840944,0.20176730486008837,0.08100147275405008,0.19145802650957292,0.25773195876288657,0.033873343151693665
220,thesims3,0.39586410635155095,0.06499261447562776,0.17872968980797638,0.07385524372230429,0.0930576070901034,0.16395864106351551,0.029542097488921712
221,goldensundarkdawn,0.1255539143279173,0.07976366322008863,0.2821270310192024,0.028064992614475627,0.23338257016248154,0.2466765140324963,0.004431314623338257
222,finalfantasyxiii2,0.0874074074074074,0.05925925925925926,0.28888888888888886,0.013333333333333334,0.2474074074074074,0.29777777777777775,0.005925925925925926
223,superrobotwarsoriginalgeneration,0.12,0.04,0.30962962962962964,0.08888888888888889,0.1674074074074074,0.2548148148148148,0.01925925925925926
224,doometernal,0.09375,0.025297619047619048,0.27380952380952384,0.13690476190476192,0.14434523809523808,0.3020833333333333,0.023809523809523808
225,fzero,0.12406576980568013,0.03886397608370702,0.2645739910313901,0.059790732436472344,0.242152466367713,0.25112107623318386,0.01943198804185351
226,elsword,0.07819548872180451,0.02406015037593985,0.35639097744360904,0.03458646616541353,0.3398496240601504,0.1593984962406015,0.007518796992481203
227,hyrulewarriors,0.07401812688821752,0.0770392749244713,0.2990936555891239,0.03474320241691843,0.27492447129909364,0.2326283987915408,0.0075528700906344415
228,eternaldarkness,0.17095310136157338,0.02723146747352496,0.24508320726172467,0.1361573373676248,0.1649016641452345,0.23600605143721634,0.019667170953101363
229,oracleoftao,0.20212765957446807,0.06534954407294832,0.20364741641337386,0.0364741641337386,0.18693009118541035,0.2857142857142857,0.019756838905775075
230,dragonquestviii,0.08054711246200608,0.06990881458966565,0.3252279635258359,0.015197568389057751,0.2796352583586626,0.22188449848024316,0.007598784194528876
231,halo4,0.0593607305936073,0.0136986301369863,0.2496194824961948,0.2480974124809741,0.0715372907153729,0.319634703196347,0.0380517503805175
232,heroesofthestorm,0.1248097412480974,0.0289193302891933,0.2480974124809741,0.0730593607305936,0.2831050228310502,0.2252663622526636,0.0167427701674277
233,disgaeahourofdarkness,0.19817073170731708,0.06402439024390244,0.3018292682926829,0.022865853658536585,0.18902439024390244,0.21341463414634146,0.010670731707317074
234,yakuza,0.15396341463414634,0.03201219512195122,0.2225609756097561,0.06554878048780488,0.19664634146341464,0.27439024390243905,0.054878048780487805
235,projectxzone,0.11908396946564885,0.03816793893129771,0.28091603053435116,0.04580152671755725,0.2381679389312977,0.2549618320610687,0.022900763358778626
236,halo,0.061068702290076333,0.0,0.18778625954198475,0.24580152671755726,0.10381679389312977,0.36335877862595417,0.03816793893129771
237,arcanumofsteamworksandmagickobscura,0.12098009188361408,0.042879019908116385,0.2771822358346095,0.13782542113323124,0.19754977029096477,0.21286370597243492,0.010719754977029096
238,maxpayne2thefallofmaxpayne,0.0,0.004594180704441042,0.1225114854517611,0.2434915773353752,0.027565084226646247,0.4211332312404288,0.1807044410413476
239,saintsrow2,0.1723076923076923,0.004615384615384616,0.1476923076923077,0.1753846153846154,0.08923076923076922,0.2907692307692308,0.12
240,finalfantasyviiremake,0.16358024691358025,0.041666666666666664,0.26697530864197533,0.046296296296296294,0.1728395061728395,0.2854938271604938,0.023148148148148147
241,perfectdarkzero,0.0,0.0077279752704791345,0.18701700154559506,0.35857805255023184,0.06646058732612056,0.30602782071097373,0.07418856259659969
242,gearsofwar2,0.03709428129829984,0.0061823802163833074,0.17465224111282843,0.18083462132921174,0.11282843894899536,0.4281298299845441,0.06027820710973725
243,castlevaniasymphonyofthenight,0.08204334365325078,0.047987616099071206,0.3637770897832817,0.03869969040247678,0.2848297213622291,0.17956656346749225,0.0030959752321981426
244,startrekonline,0.17364341085271318,0.015503875968992248,0.2589147286821705,0.2527131782945736,0.16279069767441862,0.09457364341085271,0.04186046511627907
245,horizonzerodawn,0.19069767441860466,0.024806201550387597,0.21395348837209302,0.12248062015503876,0.11627906976744186,0.3116279069767442,0.020155038759689922
246,halo3,0.07763975155279502,0.006211180124223602,0.2732919254658385,0.2111801242236025,0.11801242236024845,0.2608695652173913,0.052795031055900624
247,neverwinternights2,0.2046875,0.05625,0.3875,0.071875,0.175,0.0890625,0.015625
248,iji,0.0921875,0.0125,0.25,0.153125,0.159375,0.2953125,0.0375
249,specopstheline,0.19309262166405022,0.004709576138147566,0.1130298273155416,0.17896389324960754,0.03453689167974882,0.42543171114599687,0.05023547880690738
250,shovelknight,0.11727416798732171,0.039619651347068144,0.2551505546751189,0.017432646592709985,0.2519809825673534,0.3074484944532488,0.011093502377179081
251,punchout,0.2329635499207607,0.04120443740095087,0.24405705229793978,0.039619651347068144,0.1949286846275753,0.22820919175911253,0.01901743264659271
252,samandmaxfreelancepolice,0.410459587955626,0.039619651347068144,0.12519809825673534,0.06497622820919176,0.098256735340729,0.2329635499207607,0.028526148969889066
253,shadowhearts,0.1547049441786284,0.0430622009569378,0.2886762360446571,0.03827751196172249,0.23444976076555024,0.22328548644338117,0.017543859649122806
254,marioparty,0.16293929712460065,0.07507987220447285,0.2380191693290735,0.023961661341853034,0.26198083067092653,0.23482428115015974,0.003194888178913738
255,halocombatevolved,0.07028753993610223,0.004792332268370607,0.22843450479233227,0.305111821086262,0.10063897763578275,0.24440894568690097,0.0463258785942492
