i_doc,doc,Topic 1,Topic 2,Topic 3,Topic 4,Topic 5,Topic 6,Topic 7,Topic 8,Topic 9,Topic 10,Topic 11,Topic 12,Topic 13,Topic 14,Topic 15,Topic 16,Topic 17,Topic 18,Topic 19
0,worldofwarcraft,0.03587962962962963,0.09722222222222222,0.11516203703703703,0.10127314814814815,0.046875,0.11921296296296297,0.06655092592592593,0.041087962962962965,0.050347222222222224,0.043402777777777776,0.07407407407407407,0.009259259259259259,0.048032407407407406,0.032407407407407406,0.023148148148148147,0.013888888888888888,0.03530092592592592,0.03414351851851852,0.01273148148148148
1,finalfantasyvii,0.05240793201133145,0.1253541076487252,0.07507082152974505,0.08781869688385269,0.036827195467422094,0.14305949008498584,0.08427762039660057,0.04178470254957507,0.03611898016997167,0.039660056657223795,0.09206798866855524,0.006373937677053824,0.06303116147308782,0.031161473087818695,0.014164305949008499,0.009206798866855524,0.026912181303116147,0.0226628895184136,0.012039660056657223
2,theelderscrollsvskyrim,0.026033690658499236,0.09571209800918837,0.12710566615620214,0.11562021439509954,0.055130168453292494,0.13782542113323124,0.07427258805513016,0.04670750382848392,0.05666156202143951,0.04670750382848392,0.062021439509954056,0.005359877488514548,0.04134762633996937,0.027565084226646247,0.016845329249617153,0.009188361408882083,0.02450229709035222,0.018376722817764167,0.013016845329249618
3,teamfortress2,0.04971932638331997,0.08981555733761026,0.09382518043303929,0.11226944667201283,0.03608660785886127,0.13071371291098638,0.056134723336006415,0.04570970328789094,0.023255813953488372,0.040096230954290296,0.10184442662389735,0.00801924619085806,0.05292702485966319,0.05052125100240577,0.00801924619085806,0.012830793905372895,0.03929430633520449,0.04330392943063352,0.0056134723336006415
4,masseffect2,0.028985507246376812,0.12738367658276126,0.07322654462242563,0.12890922959572845,0.04576659038901602,0.13119755911517925,0.07780320366132723,0.034324942791762014,0.02517162471395881,0.04042715484363082,0.07475209763539283,0.016018306636155607,0.04958047292143402,0.04958047292143402,0.005339435545385202,0.014492753623188406,0.017543859649122806,0.05491990846681922,0.004576659038901602
5,falloutnewvegas,0.027755102040816326,0.08897959183673469,0.09795918367346938,0.13877551020408163,0.0473469387755102,0.1469387755102041,0.06693877551020408,0.037551020408163265,0.02857142857142857,0.03346938775510204,0.08,0.009795918367346938,0.04816326530612245,0.052244897959183675,0.013061224489795919,0.011428571428571429,0.017142857142857144,0.04979591836734694,0.004081632653061225
6,fallout3,0.024066390041493777,0.07136929460580912,0.08464730290456432,0.12282157676348547,0.05726141078838174,0.17593360995850624,0.06058091286307054,0.046473029045643155,0.030705394190871368,0.038174273858921165,0.08215767634854772,0.013278008298755186,0.053112033195020746,0.04896265560165975,0.008298755186721992,0.013278008298755186,0.013278008298755186,0.05062240663900415,0.004979253112033195
7,masseffect3,0.034874290348742905,0.11354420113544202,0.072992700729927,0.10867802108678021,0.05596107055961071,0.13706407137064072,0.08191403081914031,0.042984590429845905,0.030008110300081103,0.038929440389294405,0.07948094079480941,0.0170316301703163,0.050283860502838604,0.039740470397404706,0.010543390105433901,0.012976480129764802,0.016220600162206,0.05190592051905921,0.004866180048661801
8,dragonageorigins,0.034482758620689655,0.1724137931034483,0.09251471825063078,0.12699747687132043,0.04121110176619008,0.13708999158957108,0.08494533221194281,0.045416316232127836,0.04709840201850295,0.031118587047939444,0.05887300252312868,0.00336417157275021,0.04709840201850295,0.02943650126156434,0.00672834314550042,0.001682085786375105,0.017661900756938603,0.010933557611438183,0.010933557611438183
9,persona3,0.057709648331830475,0.15058611361587015,0.07664562669071236,0.07844905320108206,0.03787195671776375,0.16501352569882777,0.09107303877366997,0.046889089269612265,0.03606853020739405,0.02164111812443643,0.08746618575293057,0.0018034265103697023,0.0721370604147881,0.024346257889990983,0.002705139765554554,0.002705139765554554,0.018034265103697024,0.018034265103697024,0.010820559062218215
10,persona5,0.053415061295971976,0.14886164623467601,0.07443082311733801,0.1042031523642732,0.03064798598949212,0.13922942206654992,0.08493870402802102,0.04553415061295972,0.03327495621716287,0.01926444833625219,0.09632224168126094,0.0017513134851138354,0.05604203152364273,0.042907180385288964,0.0017513134851138354,0.005253940455341506,0.03415061295971979,0.02276707530647986,0.005253940455341506
11,finalfantasyvi,0.05478180129990715,0.08449396471680594,0.09099350046425256,0.07428040854224698,0.05013927576601671,0.16991643454038996,0.08449396471680594,0.056638811513463325,0.0436397400185701,0.04271123491179202,0.06406685236768803,0.0064995357474466105,0.07613741875580315,0.012999071494893221,0.013927576601671309,0.004642525533890436,0.02692664809656453,0.025069637883008356,0.017641597028783658
12,theelderscrollsivoblivion,0.018026565464895637,0.06261859582542695,0.13282732447817835,0.11385199240986717,0.055977229601518026,0.1859582542694497,0.07210626185958255,0.05502846299810247,0.0635673624288425,0.03225806451612903,0.06072106261859583,0.003795066413662239,0.04933586337760911,0.024667931688804556,0.014231499051233396,0.009487666034155597,0.016129032258064516,0.018975332068311195,0.010436432637571158
13,thelegendofzeldaocarinaoftime,0.06051873198847262,0.11047070124879924,0.09510086455331412,0.05187319884726225,0.03650336215177714,0.18155619596541786,0.053794428434197884,0.040345821325648415,0.040345821325648415,0.053794428434197884,0.07012487992315082,0.0019212295869356388,0.07588856868395773,0.008645533141210375,0.024975984630163303,0.009606147934678195,0.04803073967339097,0.01729106628242075,0.01921229586935639
14,dragonageii,0.03601895734597156,0.18104265402843603,0.09194312796208531,0.13459715639810427,0.029383886255924172,0.12132701421800948,0.0966824644549763,0.04265402843601896,0.05023696682464455,0.03033175355450237,0.06824644549763033,0.0009478672985781991,0.04265402843601896,0.029383886255924172,0.0018957345971563982,0.0037914691943127963,0.01800947867298578,0.007582938388625593,0.013270142180094787
15,fallout,0.02485089463220676,0.06560636182902585,0.10437375745526839,0.11133200795228629,0.05964214711729622,0.16401590457256462,0.05964214711729622,0.04771371769383698,0.03180914512922465,0.0437375745526839,0.08449304174950298,0.012922465208747515,0.048707753479125246,0.036779324055666,0.013916500994035786,0.010934393638170975,0.017892644135188866,0.055666003976143144,0.005964214711729622
16,chronotrigger,0.046906187624750496,0.09780439121756487,0.10079840319361277,0.06487025948103792,0.04291417165668663,0.17764471057884232,0.06986027944111776,0.04790419161676647,0.04491017964071856,0.04491017964071856,0.06387225548902195,0.008982035928143712,0.08083832335329341,0.013972055888223553,0.016966067864271458,0.010978043912175649,0.02594810379241517,0.022954091816367265,0.016966067864271458
17,metalgear,0.03751233958538993,0.07502467917077986,0.04639684106614018,0.10760118460019744,0.04244817374136229,0.1855873642645607,0.08983218163869694,0.04146100691016782,0.01678183613030602,0.03652517275419546,0.12240868706811452,0.004935834155972359,0.06811451135241856,0.035538005923000986,0.004935834155972359,0.011846001974333662,0.02171767028627838,0.04738400789733465,0.003948667324777887
18,persona4,0.05357142857142857,0.18421052631578946,0.07236842105263158,0.08834586466165413,0.022556390977443608,0.15225563909774437,0.07800751879699248,0.041353383458646614,0.03665413533834586,0.019736842105263157,0.09304511278195489,0.0018796992481203006,0.06390977443609022,0.03195488721804511,0.002819548872180451,0.004699248120300752,0.02819548872180451,0.013157894736842105,0.011278195488721804
19,finalfantasyxiv,0.04527162977867203,0.07545271629778671,0.11770623742454728,0.09356136820925554,0.05030181086519115,0.15191146881287726,0.0613682092555332,0.05734406438631791,0.0613682092555332,0.04929577464788732,0.06941649899396378,0.006036217303822937,0.05533199195171026,0.013078470824949699,0.01609657947686117,0.008048289738430584,0.02716297786720322,0.02716297786720322,0.014084507042253521
20,thelegendofzeldabreathofthewild,0.04892367906066536,0.12524461839530332,0.10567514677103718,0.08023483365949119,0.05283757338551859,0.15264187866927592,0.050880626223091974,0.049902152641878667,0.03816046966731898,0.04598825831702544,0.07240704500978473,0.005870841487279843,0.060665362035225046,0.003913894324853229,0.029354207436399216,0.011741682974559686,0.029354207436399216,0.021526418786692758,0.014677103718199608
21,cityofheroes,0.030211480362537766,0.0553877139979859,0.09768378650553877,0.09264853977844914,0.0553877139979859,0.1701913393756294,0.06545820745216516,0.06243705941591138,0.0473313192346425,0.05236656596173213,0.08056394763343404,0.00906344410876133,0.0473313192346425,0.02920443101711984,0.014098690835850957,0.012084592145015106,0.025176233635448138,0.04028197381671702,0.013091641490433032
22,thelegendofzeldatwilightprincess,0.054600606673407485,0.10212335692618807,0.09605662285136501,0.06471183013144591,0.033367037411526794,0.1718907987866532,0.06370070778564206,0.046511627906976744,0.04853387259858443,0.046511627906976744,0.0839231547017189,0.0020222446916076846,0.07077856420626896,0.00910010111223458,0.021233569261880688,0.012133468149646108,0.043478260869565216,0.01314459049544995,0.016177957532861477
23,leagueoflegends,0.05019305019305019,0.10231660231660232,0.0945945945945946,0.08783783783783784,0.0444015444015444,0.14671814671814673,0.06467181467181467,0.059845559845559844,0.05308880308880309,0.03571428571428571,0.0859073359073359,0.005791505791505791,0.055984555984555984,0.011583011583011582,0.01447876447876448,0.012548262548262547,0.027992277992277992,0.032818532818532815,0.013513513513513514
24,finalfantasyviii,0.055944055944055944,0.12387612387612387,0.0939060939060939,0.07692307692307693,0.03496503496503497,0.16983016983016982,0.07892107892107893,0.05094905094905095,0.04095904095904096,0.03496503496503497,0.07892107892107893,0.00999000999000999,0.06793206793206794,0.008991008991008992,0.007992007992007992,0.007992007992007992,0.016983016983016984,0.024975024975024976,0.014985014985014986
25,sonicthehedgehog,0.06917599186164802,0.09053916581892167,0.06205493387589013,0.059003051881993895,0.027466937945066123,0.15564598168870802,0.06917599186164802,0.03763987792472025,0.017293997965412006,0.06002034587995931,0.10478128179043744,0.006103763987792472,0.08341810783316378,0.00508646998982706,0.0254323499491353,0.026449643947100712,0.06205493387589013,0.023397761953204477,0.015259409969481181
26,finalfantasyx,0.059837728194726165,0.1206896551724138,0.08417849898580122,0.09026369168356999,0.04766734279918864,0.1511156186612576,0.07707910750507099,0.055780933062880324,0.04665314401622718,0.04259634888438134,0.06896551724137931,0.005070993914807302,0.061866125760649086,0.010141987829614604,0.015212981744421906,0.004056795131845842,0.02231237322515213,0.02028397565922921,0.016227180527383367
27,overwatch,0.05154639175257732,0.08762886597938144,0.058762886597938144,0.09587628865979382,0.04020618556701031,0.16494845360824742,0.07731958762886598,0.05463917525773196,0.030927835051546393,0.03814432989690722,0.10309278350515463,0.008247422680412371,0.05154639175257732,0.03402061855670103,0.002061855670103093,0.015463917525773196,0.027835051546391754,0.049484536082474224,0.008247422680412371
28,metalgearsolid,0.04058272632674298,0.09053069719042664,0.04058272632674298,0.11550468262226847,0.030176899063475548,0.18314255983350677,0.08844953173777315,0.03537981269510926,0.01664932362122789,0.03329864724245578,0.11446409989594172,0.005202913631633715,0.07075962539021852,0.03850156087408949,0.002081165452653486,0.012486992715920915,0.027055150884495317,0.04890738813735692,0.006243496357960458
29,supersmashbros,0.07976878612716763,0.06358381502890173,0.055491329479768786,0.03699421965317919,0.03121387283236994,0.1653179190751445,0.058959537572254334,0.06127167630057803,0.03005780346820809,0.055491329479768786,0.130635838150289,0.0023121387283236996,0.08670520231213873,0.012716763005780347,0.009248554913294798,0.020809248554913295,0.056647398843930635,0.03121387283236994,0.011560693641618497
30,undertale,0.04407135362014691,0.11122770199370409,0.10073452256033578,0.0912906610703043,0.03462749213011543,0.16474291710388247,0.07555089192025184,0.03462749213011543,0.02938090241343127,0.040923399790136414,0.08604407135362015,0.002098635886673662,0.07030430220356768,0.02728226652675761,0.013641133263378805,0.008394543546694649,0.03672612801678909,0.01993704092339979,0.008394543546694649
31,touhou,0.059006211180124224,0.09109730848861283,0.08592132505175984,0.08695652173913043,0.037267080745341616,0.16459627329192547,0.07349896480331262,0.047619047619047616,0.047619047619047616,0.041407867494824016,0.07453416149068323,0.010351966873706004,0.06418219461697723,0.017598343685300208,0.014492753623188406,0.008281573498964804,0.040372670807453416,0.022774327122153208,0.012422360248447204
32,talesofsymphonia,0.04843918191603875,0.14854682454251883,0.08719052744886975,0.08719052744886975,0.03229278794402583,0.17115177610333693,0.08503767491926803,0.05382131324004306,0.04520990312163617,0.030139935414424113,0.06566200215285253,0.004305705059203444,0.06566200215285253,0.015069967707212056,0.00968783638320775,0.001076426264800861,0.01829924650161464,0.00968783638320775,0.021528525296017224
33,dragonageinquisition,0.033402922755741124,0.1837160751565762,0.0918580375782881,0.12421711899791232,0.0407098121085595,0.1325678496868476,0.09081419624217119,0.04488517745302714,0.05323590814196242,0.017745302713987474,0.07620041753653445,0.0010438413361169101,0.03549060542797495,0.033402922755741124,0.003131524008350731,0.005219206680584551,0.013569937369519834,0.007306889352818371,0.011482254697286013
34,mother3,0.04021739130434782,0.10108695652173913,0.09130434782608696,0.07717391304347826,0.03369565217391304,0.1956521739130435,0.0641304347826087,0.04456521739130435,0.03260869565217391,0.043478260869565216,0.08369565217391305,0.007608695652173913,0.0782608695652174,0.011956521739130435,0.016304347826086956,0.009782608695652175,0.035869565217391305,0.021739130434782608,0.010869565217391304
35,thelegendofzeldaskywardsword,0.04719101123595506,0.09101123595505618,0.08651685393258426,0.056179775280898875,0.03258426966292135,0.2,0.06741573033707865,0.05056179775280899,0.05393258426966292,0.052808988764044947,0.07528089887640449,0.0033707865168539327,0.06404494382022471,0.0033707865168539327,0.033707865168539325,0.01348314606741573,0.03146067415730337,0.02359550561797753,0.01348314606741573
36,kingdomofloathing,0.030508474576271188,0.05875706214689266,0.1480225988700565,0.09265536723163842,0.03615819209039548,0.16610169491525423,0.04632768361581921,0.04745762711864407,0.05310734463276836,0.04971751412429379,0.08022598870056497,0.006779661016949152,0.04406779661016949,0.03954802259887006,0.021468926553672316,0.00903954802259887,0.03954802259887006,0.01807909604519774,0.012429378531073447
37,warcraft,0.03389830508474576,0.05310734463276836,0.09943502824858758,0.10056497175141244,0.07231638418079096,0.19322033898305085,0.06327683615819209,0.06327683615819209,0.06666666666666667,0.0519774011299435,0.05423728813559322,0.003389830508474576,0.0576271186440678,0.010169491525423728,0.021468926553672316,0.011299435028248588,0.01694915254237288,0.015819209039548022,0.011299435028248588
38,blazblue,0.07589285714285714,0.12053571428571429,0.044642857142857144,0.078125,0.03571428571428571,0.15290178571428573,0.10825892857142858,0.05915178571428571,0.044642857142857144,0.03794642857142857,0.08370535714285714,0.002232142857142857,0.06919642857142858,0.016741071428571428,0.0033482142857142855,0.005580357142857143,0.0234375,0.025669642857142856,0.012276785714285714
39,kingdomheartsii,0.06286379511059371,0.05587892898719441,0.06519208381839348,0.06752037252619325,0.02677532013969732,0.20372526193247964,0.09080325960419092,0.0640279394644936,0.03841676367869616,0.04540162980209546,0.0919674039580908,0.0011641443538998836,0.07683352735739232,0.011641443538998836,0.013969732246798603,0.010477299185098952,0.027939464493597205,0.02677532013969732,0.018626309662398137
40,fireemblemawakening,0.05636978579481398,0.21307779030439683,0.06200676437429538,0.09808342728297632,0.03945885005636979,0.12288613303269448,0.09244644870349493,0.05298759864712514,0.058624577226606536,0.013528748590755355,0.07553551296505073,0.0,0.060879368658399095,0.012401352874859075,0.005636978579481398,0.004509582863585118,0.012401352874859075,0.004509582863585118,0.014656144306651634
41,finalfantasyxii,0.04849884526558892,0.07274826789838337,0.10508083140877598,0.08314087759815242,0.057736720554272515,0.18475750577367206,0.07736720554272518,0.057736720554272515,0.05889145496535797,0.03695150115473441,0.05889145496535797,0.003464203233256351,0.06004618937644342,0.006928406466512702,0.028868360277136258,0.004618937644341801,0.017321016166281754,0.019630484988452657,0.017321016166281754
42,fallout4,0.022701475595913734,0.07945516458569807,0.10556186152099886,0.1271282633371169,0.05448354143019296,0.13961407491486946,0.06583427922814983,0.046538024971623154,0.019296254256526674,0.04880817253121453,0.08286038592508513,0.012485811577752554,0.04540295119182747,0.043132803632236094,0.01362088535754824,0.01362088535754824,0.018161180476730987,0.05561861520998865,0.0056753688989784334
43,theelderscrollsiiimorrowind,0.014833127317676144,0.06551297898640297,0.13967861557478367,0.11742892459826947,0.07045735475896168,0.17799752781211373,0.06551297898640297,0.05686032138442522,0.06180469715698393,0.03337453646477132,0.04449938195302843,0.003708281829419036,0.04697156983930779,0.021013597033374538,0.024721878862793572,0.007416563658838072,0.0173053152039555,0.019777503090234856,0.011124845488257108
44,warcraftiii,0.034688995215311005,0.05382775119617225,0.10645933014354067,0.08014354066985646,0.0645933014354067,0.20095693779904306,0.05382775119617225,0.07177033492822966,0.06339712918660287,0.05741626794258373,0.05382775119617225,0.007177033492822967,0.05382775119617225,0.013157894736842105,0.02033492822966507,0.008373205741626795,0.017942583732057416,0.025119617224880382,0.013157894736842105
45,halflife2,0.02304147465437788,0.03110599078341014,0.055299539170506916,0.10829493087557604,0.07142857142857142,0.21774193548387097,0.05414746543778802,0.05069124423963134,0.013824884792626729,0.059907834101382486,0.07949308755760369,0.01728110599078341,0.06566820276497695,0.02534562211981567,0.008064516129032258,0.021889400921658985,0.013824884792626729,0.0771889400921659,0.00576036866359447
46,darksouls,0.03367875647668394,0.038860103626943004,0.10233160621761658,0.07901554404145078,0.06088082901554404,0.19948186528497408,0.06088082901554404,0.07383419689119171,0.06606217616580311,0.06217616580310881,0.06735751295336788,0.0012953367875647669,0.05310880829015544,0.009067357512953367,0.01683937823834197,0.015544041450777202,0.02072538860103627,0.02072538860103627,0.018134715025906734
47,thelegendofzeldathewindwaker,0.051932367149758456,0.06280193236714976,0.09903381642512077,0.051932367149758456,0.03743961352657005,0.213768115942029,0.06763285024154589,0.04710144927536232,0.04710144927536232,0.05555555555555555,0.06159420289855073,0.0024154589371980675,0.0821256038647343,0.008454106280193236,0.020531400966183576,0.01570048309178744,0.042270531400966184,0.016908212560386472,0.01570048309178744
48,finalfantasyxiii,0.05731707317073171,0.07439024390243902,0.08536585365853659,0.08414634146341464,0.045121951219512194,0.19146341463414634,0.07682926829268293,0.05853658536585366,0.042682926829268296,0.042682926829268296,0.08048780487804878,0.003658536585365854,0.07317073170731707,0.01097560975609756,0.01097560975609756,0.00975609756097561,0.015853658536585366,0.018292682926829267,0.018292682926829267
49,dwarffortress,0.017326732673267328,0.039603960396039604,0.13366336633663367,0.08787128712871287,0.07178217821782178,0.18935643564356436,0.054455445544554455,0.06064356435643564,0.06806930693069307,0.054455445544554455,0.06188118811881188,0.0037128712871287127,0.04207920792079208,0.027227722772277228,0.02599009900990099,0.012376237623762377,0.019801980198019802,0.02103960396039604,0.008663366336633664
50,masseffect1,0.027611044417767107,0.10324129651860744,0.062424969987995196,0.12004801920768307,0.056422569027611044,0.18607442977190877,0.07923169267707082,0.05042016806722689,0.02040816326530612,0.026410564225690276,0.06482593037214886,0.009603841536614645,0.060024009603841535,0.03241296518607443,0.006002400960384154,0.01800720288115246,0.010804321728691477,0.060024009603841535,0.006002400960384154
51,thelegendofzeldamajorasmask,0.0449438202247191,0.07240948813982521,0.12734082397003746,0.062421972534332085,0.03245942571785269,0.18726591760299627,0.05742821473158552,0.046192259675405745,0.033707865168539325,0.04369538077403246,0.07865168539325842,0.004993757802746567,0.07990012484394507,0.004993757802746567,0.02871410736579276,0.008739076154806492,0.04868913857677903,0.02122347066167291,0.016229712858926344
52,finalfantasyiv,0.04731457800511509,0.1010230179028133,0.0792838874680307,0.07672634271099744,0.03836317135549872,0.1867007672634271,0.0741687979539642,0.0741687979539642,0.061381074168797956,0.03580562659846547,0.06777493606138107,0.008951406649616368,0.08056265984654731,0.0025575447570332483,0.011508951406649617,0.0025575447570332483,0.020460358056265986,0.010230179028132993,0.020460358056265986
53,papermariothethousandyeardoor,0.032175032175032175,0.07078507078507079,0.10038610038610038,0.08494208494208494,0.02445302445302445,0.21621621621621623,0.07335907335907337,0.043758043758043756,0.043758043758043756,0.03861003861003861,0.06048906048906049,0.002574002574002574,0.08108108108108109,0.015444015444015444,0.02059202059202059,0.014157014157014158,0.05276705276705277,0.010296010296010296,0.014157014157014158
54,theworldendswithyou,0.04203821656050955,0.09044585987261146,0.07006369426751592,0.08535031847133757,0.022929936305732482,0.21146496815286625,0.09426751592356689,0.05605095541401274,0.04713375796178344,0.03821656050955414,0.08662420382165605,0.0025477707006369425,0.07770700636942675,0.014012738853503185,0.007643312101910828,0.003821656050955414,0.025477707006369428,0.01019108280254777,0.014012738853503185
55,portal2,0.033962264150943396,0.06666666666666667,0.07169811320754717,0.11320754716981132,0.031446540880503145,0.21761006289308177,0.06918238993710692,0.021383647798742137,0.011320754716981131,0.04654088050314465,0.09182389937106918,0.00880503144654088,0.07421383647798742,0.04150943396226415,0.0025157232704402514,0.016352201257861635,0.0389937106918239,0.03773584905660377,0.005031446540880503
56,xenobladechronicles1,0.0457516339869281,0.08627450980392157,0.07973856209150326,0.07320261437908497,0.027450980392156862,0.2065359477124183,0.09542483660130718,0.054901960784313725,0.044444444444444446,0.040522875816993466,0.08627450980392157,0.009150326797385621,0.07973856209150326,0.00784313725490196,0.011764705882352941,0.00261437908496732,0.01699346405228758,0.01699346405228758,0.01437908496732026
57,thelegendofheroestrailsofcoldsteel,0.049937578027465665,0.13358302122347065,0.06117353308364544,0.08489388264669163,0.026217228464419477,0.19350811485642946,0.1136079900124844,0.06117353308364544,0.03870162297128589,0.018726591760299626,0.07615480649188515,0.0,0.06991260923845194,0.02372034956304619,0.00749063670411985,0.003745318352059925,0.008739076154806492,0.018726591760299626,0.009987515605493134
58,talesoftheabyss,0.048748353096179184,0.15810276679841898,0.06324110671936758,0.10013175230566534,0.026350461133069828,0.17918313570487485,0.09354413702239789,0.05665349143610013,0.04479578392621871,0.03162055335968379,0.061923583662714096,0.0013175230566534915,0.07509881422924901,0.00922266139657444,0.007905138339920948,0.0,0.01844532279314888,0.00922266139657444,0.014492753623188406
59,grandtheftautosanandreas,0.016817593790426907,0.0646830530401035,0.0646830530401035,0.111254851228978,0.029754204398447608,0.23415265200517466,0.0724450194049159,0.042690815006468305,0.009055627425614488,0.02328589909443726,0.10866752910737387,0.0,0.054333764553686936,0.0724450194049159,0.00258732212160414,0.02199223803363519,0.02069857697283312,0.047865459249676584,0.00258732212160414
60,metalgearsolid3snakeeater,0.04203821656050955,0.08025477707006369,0.04203821656050955,0.12101910828025478,0.024203821656050957,0.21273885350318472,0.07770700636942675,0.045859872611464965,0.012738853503184714,0.02802547770700637,0.10445859872611465,0.003821656050955414,0.07006369426751592,0.03821656050955414,0.007643312101910828,0.014012738853503185,0.024203821656050957,0.04713375796178344,0.003821656050955414
61,devilmaycry,0.06275579809004093,0.09140518417462483,0.034106412005457026,0.054570259208731244,0.04229195088676671,0.17735334242837653,0.09686221009549795,0.061391541609822645,0.04365620736698499,0.04638472032742155,0.1145975443383356,0.001364256480218281,0.07503410641200546,0.009549795361527967,0.0068212824010914054,0.015006821282401092,0.023192360163710776,0.030013642564802184,0.013642564802182811
62,megamanx,0.07162921348314606,0.037921348314606744,0.03932584269662921,0.06882022471910113,0.03651685393258427,0.19101123595505617,0.08286516853932584,0.06741573033707865,0.02949438202247191,0.05898876404494382,0.09410112359550561,0.007022471910112359,0.09691011235955056,0.004213483146067416,0.016853932584269662,0.011235955056179775,0.03089887640449438,0.042134831460674156,0.012640449438202247
63,minecraft,0.028288543140028287,0.036775106082036775,0.1471004243281471,0.04526166902404526,0.05799151343705799,0.19519094766619519,0.024045261669024046,0.05091937765205092,0.028288543140028287,0.06506364922206506,0.08486562942008487,0.007072135785007072,0.06364922206506365,0.018387553041018388,0.036775106082036775,0.021216407355021217,0.04526166902404526,0.028288543140028287,0.015558698727015558
64,pokemonsunandmoon,0.06976744186046512,0.09819121447028424,0.09560723514211886,0.059431524547803614,0.025839793281653745,0.1925064599483204,0.05167958656330749,0.04392764857881137,0.04780361757105943,0.03875968992248062,0.09560723514211886,0.002583979328165375,0.07751937984496124,0.012919896640826873,0.020671834625323,0.003875968992248062,0.04263565891472868,0.00904392764857881,0.011627906976744186
65,superrobotwars,0.0644718792866941,0.06721536351165981,0.053497942386831275,0.04938271604938271,0.039780521262002745,0.20027434842249658,0.07270233196159122,0.06721536351165981,0.039780521262002745,0.04663923182441701,0.10013717421124829,0.010973936899862825,0.07681755829903979,0.00823045267489712,0.00411522633744856,0.006858710562414266,0.027434842249657063,0.053497942386831275,0.010973936899862825
66,thekingoffighters,0.0962566844919786,0.14037433155080214,0.03877005347593583,0.05614973262032086,0.02406417112299465,0.13770053475935828,0.10828877005347594,0.06149732620320856,0.03208556149732621,0.029411764705882353,0.11497326203208556,0.004010695187165776,0.08288770053475936,0.012032085561497326,0.00267379679144385,0.0066844919786096255,0.02540106951871658,0.013368983957219251,0.013368983957219251
67,fireemblemfates,0.06085753803596127,0.22544951590594745,0.05532503457814661,0.08713692946058091,0.03734439834024896,0.14246196403872752,0.08852005532503458,0.06085753803596127,0.05255878284923928,0.019363762102351315,0.059474412171507604,0.0013831258644536654,0.06224066390041494,0.006915629322268326,0.0027662517289073307,0.004149377593360996,0.016597510373443983,0.004149377593360996,0.012448132780082987
68,metalgearsolid4gunsofthepatriots,0.035856573705179286,0.0849933598937583,0.043824701195219126,0.11288180610889774,0.033200531208499334,0.2244355909694555,0.0903054448871182,0.04249667994687915,0.006640106241699867,0.027888446215139442,0.11553784860557768,0.0013280212483399733,0.0650730411686587,0.02656042496679947,0.0013280212483399733,0.005312084993359893,0.017264276228419653,0.05976095617529881,0.005312084993359893
69,tekken,0.09153005464480875,0.09972677595628415,0.036885245901639344,0.06284153005464481,0.023224043715846996,0.16530054644808742,0.09972677595628415,0.060109289617486336,0.025956284153005466,0.031420765027322405,0.12158469945355191,0.0,0.07377049180327869,0.028688524590163935,0.00273224043715847,0.00546448087431694,0.036885245901639344,0.02185792349726776,0.012295081967213115
70,borderlands2,0.02861035422343324,0.0776566757493188,0.08038147138964577,0.11035422343324251,0.04495912806539509,0.17029972752043596,0.0667574931880109,0.055858310626702996,0.027247956403269755,0.04495912806539509,0.08038147138964577,0.008174386920980926,0.04904632152588556,0.04087193460490463,0.01226158038147139,0.013623978201634877,0.017711171662125342,0.06267029972752043,0.008174386920980926
71,pokemonblackandwhite,0.08465608465608465,0.10052910052910052,0.10582010582010581,0.05555555555555555,0.0291005291005291,0.1917989417989418,0.041005291005291,0.037037037037037035,0.042328042328042326,0.03042328042328042,0.0873015873015873,0.007936507936507936,0.08597883597883597,0.011904761904761904,0.023809523809523808,0.003968253968253968,0.03968253968253968,0.010582010582010581,0.010582010582010581
72,guiltygear,0.08090185676392574,0.11007957559681697,0.04907161803713528,0.05570291777188329,0.04376657824933687,0.15517241379310345,0.08488063660477453,0.0623342175066313,0.04111405835543767,0.03978779840848806,0.09946949602122016,0.003978779840848806,0.08090185676392574,0.013262599469496022,0.005305039787798408,0.010610079575596816,0.029177718832891247,0.022546419098143235,0.011936339522546418
73,metalgearsolid2sonsofliberty,0.036885245901639344,0.08469945355191257,0.04371584699453552,0.12158469945355191,0.030054644808743168,0.21448087431693988,0.08469945355191257,0.04234972677595628,0.015027322404371584,0.02459016393442623,0.11475409836065574,0.004098360655737705,0.06967213114754098,0.028688524590163935,0.001366120218579235,0.012295081967213115,0.020491803278688523,0.04644808743169399,0.004098360655737705
74,finalfantasyix,0.051630434782608696,0.12228260869565218,0.10733695652173914,0.06114130434782609,0.03804347826086957,0.15081521739130435,0.07744565217391304,0.057065217391304345,0.05570652173913043,0.04483695652173913,0.051630434782608696,0.006793478260869565,0.07608695652173914,0.012228260869565218,0.016304347826086956,0.004076086956521739,0.028532608695652172,0.016304347826086956,0.021739130434782608
75,residentevil4,0.040638606676342524,0.027576197387518143,0.05224963715529753,0.0841799709724238,0.05224963715529753,0.23947750362844702,0.06821480406386067,0.059506531204644414,0.011611030478955007,0.04644412191582003,0.10885341074020319,0.002902757619738752,0.07692307692307693,0.01741654571843251,0.010159651669085631,0.01741654571843251,0.01741654571843251,0.062409288824383166,0.0043541364296081275
76,doom,0.025222551928783383,0.016320474777448073,0.08605341246290801,0.07270029673590504,0.05341246290801187,0.23738872403560832,0.040059347181008904,0.05489614243323442,0.032640949554896145,0.06676557863501484,0.0830860534124629,0.013353115727002967,0.07566765578635015,0.01483679525222552,0.019287833827893175,0.020771513353115726,0.02373887240356083,0.05489614243323442,0.008902077151335312
77,megamanbattlenetwork,0.05077574047954866,0.0691114245416079,0.05923836389280677,0.05077574047954866,0.031029619181946404,0.22284908321579688,0.06346967559943582,0.07334273624823695,0.047954866008462625,0.05923836389280677,0.08180535966149506,0.004231311706629055,0.09449929478138223,0.014104372355430184,0.007052186177715092,0.007052186177715092,0.022566995768688293,0.028208744710860368,0.012693935119887164
78,okami,0.0453257790368272,0.05240793201133145,0.09206798866855524,0.049575070821529746,0.0339943342776204,0.21104815864022664,0.060906515580736544,0.05240793201133145,0.05524079320113314,0.05240793201133145,0.07507082152974505,0.0056657223796034,0.08498583569405099,0.00424929178470255,0.026912181303116147,0.012747875354107648,0.046742209631728045,0.0169971671388102,0.021246458923512748
79,finalfantasyv,0.05627705627705628,0.07503607503607504,0.0836940836940837,0.050505050505050504,0.03607503607503607,0.21212121212121213,0.06060606060606061,0.07936507936507936,0.0707070707070707,0.05627705627705628,0.046176046176046176,0.002886002886002886,0.08225108225108226,0.002886002886002886,0.027417027417027416,0.004329004329004329,0.021645021645021644,0.007215007215007215,0.024531024531024532
80,soulseries,0.08408408408408409,0.0915915915915916,0.04804804804804805,0.052552552552552555,0.03453453453453453,0.17267267267267267,0.08408408408408409,0.07957957957957958,0.05855855855855856,0.04354354354354354,0.10510510510510511,0.0015015015015015015,0.08258258258258258,0.010510510510510511,0.003003003003003003,0.006006006006006006,0.015015015015015015,0.010510510510510511,0.016516516516516516
81,modernwarfare,0.013513513513513514,0.018018018018018018,0.036036036036036036,0.14264264264264265,0.04954954954954955,0.2627627627627628,0.07957957957957958,0.057057057057057055,0.006006006006006006,0.028528528528528527,0.0960960960960961,0.003003003003003003,0.05855855855855856,0.03753753753753754,0.0,0.016516516516516516,0.018018018018018018,0.07357357357357357,0.003003003003003003
82,pokemonxandy,0.06695156695156695,0.08831908831908832,0.10541310541310542,0.06552706552706553,0.03133903133903134,0.19515669515669515,0.04700854700854701,0.042735042735042736,0.03133903133903134,0.03418803418803419,0.09829059829059829,0.0014245014245014246,0.07407407407407407,0.01282051282051282,0.022792022792022793,0.007122507122507123,0.05128205128205128,0.007122507122507123,0.017094017094017096
83,kingdomheartsiii,0.05,0.075,0.051470588235294115,0.06911764705882353,0.022058823529411766,0.23529411764705882,0.09852941176470588,0.06470588235294118,0.045588235294117645,0.03235294117647059,0.09558823529411764,0.0,0.07941176470588235,0.007352941176470588,0.008823529411764706,0.004411764705882353,0.025,0.01911764705882353,0.016176470588235296
84,bayonetta,0.05646359583952452,0.07280832095096583,0.03714710252600297,0.04903417533432392,0.02823179791976226,0.21693907875185736,0.07578008915304606,0.05943536404160475,0.05200594353640416,0.05646359583952452,0.10401188707280833,0.0,0.08469539375928678,0.010401188707280832,0.01337295690936107,0.01337295690936107,0.017830609212481426,0.03566121842496285,0.01634472511144131
85,thewitcher3wildhunt,0.022427440633245383,0.12005277044854881,0.0870712401055409,0.13192612137203166,0.0395778364116095,0.22295514511873352,0.08179419525065963,0.047493403693931395,0.05013192612137203,0.022427440633245383,0.06200527704485488,0.0,0.047493403693931395,0.023746701846965697,0.010554089709762533,0.002638522427440633,0.0158311345646438,0.0079155672823219,0.00395778364116095
86,batmanarkhamcity,0.024390243902439025,0.04591104734576758,0.03873744619799139,0.1449067431850789,0.020086083213773313,0.24533715925394547,0.08321377331420372,0.043041606886657105,0.0028694404591104736,0.02295552367288379,0.10903873744619799,0.0,0.07317073170731707,0.06312769010043041,0.00430416068866571,0.00860832137733142,0.02582496413199426,0.035868005738880916,0.00860832137733142
87,talesofvesperia,0.04943502824858757,0.1228813559322034,0.08333333333333333,0.07627118644067797,0.03389830508474576,0.18220338983050846,0.09887005649717515,0.06497175141242938,0.04519774011299435,0.03531073446327684,0.06497175141242938,0.002824858757062147,0.06779661016949153,0.014124293785310734,0.014124293785310734,0.0014124293785310734,0.01694915254237288,0.011299435028248588,0.014124293785310734
88,kidicarusuprising,0.04610951008645533,0.04899135446685879,0.05475504322766571,0.06484149855907781,0.037463976945244955,0.21037463976945245,0.10230547550432277,0.06340057636887608,0.05187319884726225,0.04899135446685879,0.08069164265129683,0.004322766570605188,0.07204610951008646,0.010086455331412104,0.011527377521613832,0.012968299711815562,0.02881844380403458,0.0345821325648415,0.01585014409221902
89,deusexhumanrevolution,0.01867816091954023,0.033045977011494254,0.05459770114942529,0.14942528735632185,0.05890804597701149,0.23994252873563218,0.06609195402298851,0.040229885057471264,0.010057471264367816,0.02586206896551724,0.08620689655172414,0.004310344827586207,0.04741379310344827,0.05603448275862069,0.0028735632183908046,0.011494252873563218,0.01867816091954023,0.07040229885057471,0.005747126436781609
90,superpapermario,0.04956268221574344,0.07434402332361516,0.08163265306122448,0.06705539358600583,0.018950437317784258,0.2259475218658892,0.09329446064139942,0.033527696793002916,0.04227405247813411,0.04518950437317784,0.05539358600583091,0.0014577259475218659,0.09037900874635568,0.011661807580174927,0.023323615160349854,0.011661807580174927,0.03935860058309038,0.018950437317784258,0.016034985422740525
91,persona2,0.046348314606741575,0.11095505617977527,0.07443820224719101,0.07724719101123595,0.023876404494382022,0.1952247191011236,0.08286516853932584,0.047752808988764044,0.047752808988764044,0.023876404494382022,0.08146067415730338,0.009831460674157303,0.08146067415730338,0.032303370786516857,0.004213483146067416,0.0056179775280898875,0.018258426966292134,0.021067415730337078,0.01544943820224719
92,kingdomheartsbirthbysleep,0.06167400881057269,0.08516886930983847,0.0381791483113069,0.07782672540381791,0.023494860499265784,0.2261380323054332,0.09251101321585903,0.0763582966226138,0.049926578560939794,0.0381791483113069,0.07048458149779736,0.0,0.0763582966226138,0.010279001468428781,0.00881057268722467,0.005873715124816446,0.020558002936857563,0.014684287812041116,0.023494860499265784
93,guildwars2,0.02275960170697013,0.05405405405405406,0.11379800853485064,0.08108108108108109,0.07254623044096728,0.19487908961593173,0.07112375533428165,0.07254623044096728,0.07112375533428165,0.04551920341394026,0.044096728307254626,0.001422475106685633,0.044096728307254626,0.011379800853485065,0.031294452347083924,0.008534850640113799,0.02418207681365576,0.02275960170697013,0.012802275960170697
94,banjokazooie,0.043731778425655975,0.04956268221574344,0.08163265306122448,0.06705539358600583,0.026239067055393587,0.22740524781341107,0.04518950437317784,0.027696793002915453,0.03206997084548105,0.05102040816326531,0.08163265306122448,0.0029154518950437317,0.08163265306122448,0.013119533527696793,0.033527696793002916,0.021865889212827987,0.07725947521865889,0.027696793002915453,0.008746355685131196
95,xcomenemyunknown,0.02157164869029276,0.029275808936825885,0.04314329738058552,0.10631741140215717,0.08012326656394453,0.21263482280431434,0.06471494607087827,0.07087827426810478,0.026194144838212634,0.05084745762711865,0.08782742681047766,0.02773497688751926,0.04930662557781202,0.020030816640986132,0.004622496147919877,0.01848998459167951,0.01078582434514638,0.07087827426810478,0.004622496147919877
96,chronocross,0.03070175438596491,0.07163742690058479,0.09941520467836257,0.06871345029239766,0.03508771929824561,0.21783625730994152,0.0804093567251462,0.05263157894736842,0.04678362573099415,0.03508771929824561,0.05263157894736842,0.011695906432748537,0.08187134502923976,0.011695906432748537,0.021929824561403508,0.005847953216374269,0.033625730994152045,0.023391812865497075,0.019005847953216373
97,sonicadventure2,0.05124450951683748,0.0424597364568082,0.05124450951683748,0.07174231332357248,0.01903367496339678,0.21376281112737922,0.07906295754026355,0.04538799414348463,0.01903367496339678,0.0527086383601757,0.11420204978038068,0.005856515373352855,0.09224011713030747,0.016105417276720352,0.01903367496339678,0.021961932650073207,0.05124450951683748,0.021961932650073207,0.01171303074670571
