Number of clusters: 
2

#### CLUSTER 1 ####
Items in cluster: 129
Items with predefined genre: 129
Adventure : 66 (51.162790697674424 %)
Drama : 71 (55.03875968992248 %)
Mystery : 30 (23.25581395348837 %)
Sci-Fi : 57 (44.18604651162791 %)
Animation : 66 (51.162790697674424 %)
Short : 4 (3.10077519379845 %)
Comedy : 71 (55.03875968992248 %)
Family : 38 (29.457364341085274 %)
Fantasy : 50 (38.759689922480625 %)
Music : 7 (5.426356589147287 %)
Musical : 6 (4.651162790697675 %)
Action : 65 (50.3875968992248 %)
History : 2 (1.550387596899225 %)
Romance : 20 (15.503875968992247 %)
War : 1 (0.7751937984496124 %)
Crime : 23 (17.829457364341085 %)
Thriller : 28 (21.705426356589147 %)
Game-Show : 2 (1.550387596899225 %)
Reality-TV : 1 (0.7751937984496124 %)
Horror : 7 (5.426356589147287 %)
Items with country: 127
GB : 11 (8.661417322834646 %)
CA : 16 (12.598425196850393 %)
US : 93 (73.22834645669292 %)
FR : 4 (3.149606299212598 %)
JP : 27 (21.25984251968504 %)
TW : 1 (0.7874015748031495 %)
HK : 1 (0.7874015748031495 %)
MX : 1 (0.7874015748031495 %)
ES : 1 (0.7874015748031495 %)
IT : 1 (0.7874015748031495 %)
shows 

#### CLUSTER 2 ####
Items in cluster: 371
Items with predefined genre: 370
Animation : 224 (60.54054054054055 %)
Adventure : 183 (49.45945945945946 %)
Comedy : 227 (61.35135135135135 %)
Family : 123 (33.24324324324324 %)
Fantasy : 155 (41.891891891891895 %)
Musical : 7 (1.891891891891892 %)
Sci-Fi : 158 (42.7027027027027 %)
Action : 197 (53.24324324324324 %)
Drama : 175 (47.2972972972973 %)
Thriller : 69 (18.64864864864865 %)
Crime : 55 (14.864864864864865 %)
Mystery : 69 (18.64864864864865 %)
Romance : 64 (17.2972972972973 %)
Music : 9 (2.4324324324324325 %)
Short : 19 (5.135135135135135 %)
Western : 3 (0.8108108108108109 %)
Horror : 23 (6.216216216216217 %)
War : 6 (1.6216216216216217 %)
Talk-Show : 3 (0.8108108108108109 %)
News : 2 (0.5405405405405406 %)
Sport : 4 (1.0810810810810811 %)
History : 3 (0.8108108108108109 %)
Documentary : 1 (0.2702702702702703 %)
Reality-TV : 4 (1.0810810810810811 %)
Game-Show : 1 (0.2702702702702703 %)
Items with country: 360
US : 230 (63.888888888888886 %)
CA : 34 (9.444444444444445 %)
IE : 4 (1.1111111111111112 %)
MX : 5 (1.3888888888888888 %)
AR : 1 (0.2777777777777778 %)
JP : 111 (30.833333333333336 %)
ES : 5 (1.3888888888888888 %)
FR : 10 (2.7777777777777777 %)
CN : 3 (0.8333333333333334 %)
GB : 22 (6.111111111111111 %)
DE : 7 (1.9444444444444444 %)
KR : 13 (3.6111111111111107 %)
AU : 3 (0.8333333333333334 %)
HK : 1 (0.2777777777777778 %)
BE : 3 (0.8333333333333334 %)
DK : 1 (0.2777777777777778 %)
SG : 1 (0.2777777777777778 %)
TW : 1 (0.2777777777777778 %)
IT : 2 (0.5555555555555556 %)
NZ : 2 (0.5555555555555556 %)
shows 


0 clusters have characterstic genre (0.0%)


473 titles being analysed wrt imdb communities
(A)RI Scores of how well they match: 1 best 0 low
ARI:
0.0030961490251837556
RI:
0.4245261045615795
