Number of clusters: 
1

#### CLUSTER 1 ####
Items in cluster: 499
Items with predefined genre: 498
Animation : 290 (58.23293172690763 %)
Adventure : 248 (49.79919678714859 %)
Comedy : 298 (59.83935742971887 %)
Family : 161 (32.329317269076306 %)
Fantasy : 205 (41.164658634538156 %)
Musical : 13 (2.610441767068273 %)
Crime : 78 (15.66265060240964 %)
Drama : 245 (49.19678714859438 %)
Thriller : 97 (19.477911646586346 %)
Short : 23 (4.618473895582329 %)
Action : 262 (52.610441767068274 %)
Sci-Fi : 214 (42.971887550200805 %)
Horror : 30 (6.024096385542169 %)
Romance : 84 (16.867469879518072 %)
Mystery : 98 (19.67871485943775 %)
Western : 3 (0.6024096385542169 %)
War : 7 (1.4056224899598393 %)
Music : 16 (3.2128514056224895 %)
History : 5 (1.0040160642570282 %)
Documentary : 1 (0.2008032128514056 %)
Reality-TV : 5 (1.0040160642570282 %)
News : 2 (0.4016064257028112 %)
Talk-Show : 3 (0.6024096385542169 %)
Game-Show : 3 (0.6024096385542169 %)
Sport : 4 (0.8032128514056224 %)
Items with country: 486
US : 323 (66.46090534979425 %)
CA : 50 (10.2880658436214 %)
JP : 138 (28.39506172839506 %)
KR : 13 (2.674897119341564 %)
GB : 32 (6.584362139917696 %)
DE : 7 (1.440329218106996 %)
FR : 14 (2.880658436213992 %)
BE : 3 (0.6172839506172839 %)
IE : 4 (0.823045267489712 %)
CN : 3 (0.6172839506172839 %)
ES : 6 (1.2345679012345678 %)
MX : 6 (1.2345679012345678 %)
AR : 1 (0.205761316872428 %)
IT : 3 (0.6172839506172839 %)
AU : 3 (0.6172839506172839 %)
HK : 2 (0.411522633744856 %)
TW : 2 (0.411522633744856 %)
DK : 1 (0.205761316872428 %)
SG : 1 (0.205761316872428 %)
NZ : 2 (0.411522633744856 %)
shows 


0 clusters have characterstic genre (0.0%)


472 titles being analysed wrt imdb communities
(A)RI Scores of how well they match: 1 best 0 low
ARI:
0.0
RI:
0.12985353917017525
