,year,total_works,topic_1,topic_2,topic_3,topic_4,topic_5,topic_6,topic_7
0,1930.0,1,0.3004484304932735,0.0358744394618834,0.3946188340807174,0.1031390134529148,0.1345291479820627,0.0313901345291479,0.0
1,1931.0,1,0.25,0.3333333333333333,0.25,0.1666666666666666,0.0,0.0,0.0
2,1933.0,1,0.2222222222222222,0.037037037037037,0.3333333333333333,0.2222222222222222,0.1481481481481481,0.037037037037037,0.0
3,1934.0,1,0.1764705882352941,0.0441176470588235,0.5588235294117647,0.1029411764705882,0.088235294117647,0.0294117647058823,0.0
4,1939.0,1,0.1408450704225352,0.0422535211267605,0.380281690140845,0.1549295774647887,0.2253521126760563,0.056338028169014,0.0
5,1943.0,1,0.2,0.1666666666666666,0.3,0.1333333333333333,0.1,0.1,0.0
6,1947.0,2,0.24629237288135594,0.2584745762711864,0.2489406779661017,0.05932203389830505,0.08209745762711865,0.056673728813559296,0.04819915254237285
7,1948.0,1,0.2888888888888888,0.1555555555555555,0.4444444444444444,0.0444444444444444,0.0444444444444444,0.0222222222222222,0.0
8,1949.0,2,0.19166666666666665,0.0854166666666666,0.3958333333333333,0.1520833333333333,0.12499999999999994,0.05,0.0
9,1950.0,9,0.16710463091215033,0.16743545132937282,0.41651960808140615,0.08601423828634513,0.09920094777172817,0.05867461856849221,0.005050505050505045
10,1951.0,8,0.21388198765118233,0.24427620351749993,0.4320969556661445,0.03348954466716156,0.05163739687681779,0.022390740128988847,0.0022271714922048875
11,1952.0,10,0.1894620074602561,0.22800814361744629,0.4098453716134799,0.09487466160775868,0.03623114174732131,0.014224014061489298,0.02735465989224824
12,1953.0,4,0.10976430976430974,0.38350168350168345,0.33998316498316494,0.03703703703703703,0.0,0.056986531986531974,0.07272727272727272
13,1954.0,8,0.16287845858254743,0.2486088434842235,0.34886410183319055,0.08999568590748269,0.092564050190284,0.037334015884834926,0.019754844117436686
14,1955.0,12,0.24259782580776812,0.10479945065318103,0.5101014774255849,0.05877023522920146,0.0385437347538125,0.010391245009242467,0.03479603112120951
15,1956.0,10,0.16438472899544052,0.21756959417974997,0.39678171601030476,0.08975105997358432,0.04630614288945199,0.01706208265995163,0.06814467529151673
16,1957.0,18,0.2158570336499058,0.09333165034418876,0.4896149162204905,0.09738949727979228,0.05129927563220685,0.02912713378398602,0.023380493089429525
17,1958.0,20,0.19689688841775985,0.15554007703828993,0.4391906329640138,0.09100039530935575,0.06356128848876832,0.02366696221969402,0.03014375556211814
18,1959.0,20,0.19601908126483397,0.1291515625011966,0.4002228170253245,0.12211764271760092,0.07804572900275729,0.048943394377513605,0.025499773110772977
19,1960.0,15,0.19504232970372443,0.18856385576460732,0.42182542600502965,0.09583853621825225,0.04814422282176802,0.023471274826447574,0.027114354660170644
20,1961.0,27,0.17489462072521736,0.26463380994164515,0.3753997828804387,0.06763673233340566,0.05819207463885832,0.02503344375845722,0.03420953572197753
21,1962.0,18,0.21059682801806245,0.09040842048574094,0.4466924237839794,0.10470570878188555,0.08543131679234152,0.031994136054578494,0.030171166083411402
22,1963.0,17,0.20846501371059054,0.11595707576608434,0.3888714390246176,0.14127832545196822,0.09680174773945115,0.027277466402436227,0.021348931904851775
23,1964.0,31,0.20288800444248617,0.0956792779555298,0.42024011066736183,0.10779301802257805,0.10350436338200758,0.045274250640883806,0.02462097488915263
24,1965.0,40,0.1938081612423584,0.11030532889977476,0.4351044595306372,0.09700894865461891,0.0815874060260119,0.04339373509322214,0.03879196055337651
25,1966.0,42,0.19206371231437727,0.084102563582858,0.4245654997818293,0.13289971291132385,0.09836548715318016,0.03868606898777767,0.029316955268653685
26,1967.0,34,0.18552492336370277,0.1294152694628056,0.4424785734366669,0.09764311859753765,0.0879062538602518,0.04030934619658281,0.016722515082452365
27,1968.0,29,0.21992412132402062,0.08473764359605118,0.4480086202550351,0.10760353546410023,0.08720795405730629,0.03029646623063569,0.022221659072850848
28,1969.0,35,0.23762455602140448,0.11667018213803994,0.40473659867142214,0.09747745924749894,0.07332719748591664,0.05122887749439338,0.018935128941324424
29,1970.0,29,0.19595302958274982,0.09179392795977802,0.39222085602507945,0.1841393696558124,0.06112966810641714,0.041781855588726366,0.0329812930814368
30,1971.0,41,0.1973598627228346,0.11280488070606284,0.427656622906947,0.11895138158478398,0.0673596262600205,0.053479457584073326,0.022388168235277665
31,1972.0,59,0.19279937626137278,0.14699646465678853,0.4212636112494547,0.1041448409076662,0.07711487549735754,0.029622364537593406,0.028058466889766584
32,1973.0,51,0.17384020326912386,0.09475711689294503,0.4000237688418488,0.11946567693975027,0.10376904285630889,0.08534273586223387,0.022801455337789062
33,1974.0,46,0.21039895877334167,0.14911741124668818,0.40232994073563155,0.09728901926989074,0.08104182776598583,0.03692009674889856,0.0229027454595633
34,1975.0,50,0.22092398398382865,0.1494673389775527,0.38727290005458215,0.0975436032291646,0.08064637120046778,0.04208545977686585,0.022060342777538017
35,1976.0,58,0.2019617273356449,0.13801374251871443,0.4138706682660124,0.091672812876125,0.08221895955140872,0.04428408203832162,0.027978007413772786
36,1977.0,50,0.16894532931475065,0.13780225260079085,0.4112939738423741,0.10245226908620605,0.0895644397646043,0.05484866125778307,0.035093074133490665
37,1978.0,51,0.20989545146261704,0.1016904591688336,0.43772122881259645,0.10567958263641349,0.08425449809475918,0.04135835206519514,0.019400427759584806
38,1979.0,62,0.18828120439723978,0.1182589845585821,0.4203599495622083,0.10375893792958396,0.0878739738843205,0.04218584052719252,0.03928110914087253
39,1980.0,44,0.21426552526278708,0.12258780384861118,0.4068814250234319,0.09864881511783873,0.08334646141281664,0.060822557090033036,0.013447412244481429
40,1981.0,61,0.1917885171223668,0.10135559797335454,0.42525571914737276,0.11030537321363698,0.08983374128637013,0.056384394556440065,0.02507665670045856
41,1982.0,56,0.2148313434953246,0.08313783809816448,0.42074710294734696,0.10891277826135733,0.09056109833018547,0.06419987504969707,0.01760996381792394
42,1983.0,84,0.20205313033349198,0.10633011555742271,0.3884617939773848,0.10943991119163832,0.07654223312415118,0.07270676875789757,0.044466047058013214
43,1984.0,76,0.20441935154252427,0.10800318404352746,0.40438150549964597,0.12493946999640783,0.08190350193923238,0.055313449111623614,0.02103953786703833
44,1985.0,83,0.20660776073019813,0.10064916627959965,0.39854204408826155,0.11742261956578577,0.09521541337973145,0.06742441578660917,0.014138580169814084
45,1986.0,76,0.2026081204981746,0.08418303364869485,0.42339159722895126,0.12540363657240827,0.08741524903428399,0.05728397291701359,0.019714390100473145
46,1987.0,98,0.21741834001282026,0.10141370019033467,0.42286250251624563,0.11129456714588298,0.07912277729068591,0.04636715971930667,0.02152095312472357
47,1988.0,75,0.20890562916629274,0.09767895803441942,0.4324047222115317,0.09579658130742418,0.07108710606227481,0.05645267846923596,0.03767432474882096
48,1989.0,90,0.23004234700958565,0.0735502356819804,0.43813103911692264,0.09895676938391273,0.08030735579364326,0.053451233503672695,0.025561019510282505
49,1990.0,93,0.22985579855494892,0.12079847160831148,0.4111014318319282,0.09768231187067061,0.08188714852171937,0.0332688105128425,0.025406027099578687
50,1991.0,101,0.23313449653851076,0.11188649140176175,0.4243002649178264,0.10116843508709768,0.07614738338850105,0.02894325125424207,0.024419677412059863
51,1992.0,98,0.2365249688409443,0.08392641730525505,0.43615094467163196,0.09997359440451231,0.0728956302317972,0.050039514785422505,0.020488929760436304
52,1993.0,123,0.2250849090504627,0.10504923576940127,0.42355151408886604,0.10282265486154143,0.07626366855361993,0.03378888508605137,0.033439132590057076
53,1994.0,127,0.2161543241300912,0.06844247854330894,0.420940899940207,0.11685839720798921,0.09746440048331087,0.059319321326533725,0.02082017836855867
54,1995.0,134,0.2272823742079885,0.09357396126578897,0.43897948753382154,0.10110293804976082,0.08512327670182375,0.03315179628075843,0.02078616596005762
55,1996.0,154,0.2194328796873925,0.07780684437174303,0.42328609288949093,0.11745139455499333,0.09285430114818098,0.04859898081450437,0.020569506533694513
56,1997.0,158,0.22493532346262762,0.07957921516581247,0.43207259154344324,0.10273840015587778,0.09329482932512254,0.04693362210669015,0.020446018240425818
57,1998.0,172,0.2181546652710375,0.0986749790258865,0.41007312128072015,0.10791407176670997,0.09439241593352701,0.04564984483763875,0.02514090188447994
58,1999.0,205,0.21966970907275457,0.09726287434477608,0.409987698664776,0.11517648729570824,0.09248200531128721,0.04707312192172216,0.018348103388975606
59,2000.0,173,0.2239038995258053,0.09261262780022711,0.4356690133958824,0.10028137482017488,0.08204460879665018,0.04312298150027269,0.022365494160987598
60,2001.0,197,0.2310544954159768,0.07485235579094872,0.43449698704352074,0.10934216943742497,0.08942794287625885,0.04144959063457033,0.019376458801299287
61,2002.0,204,0.2353025234616417,0.08724932523390297,0.4205540825818055,0.1059864771985779,0.09005133427553641,0.040923225528756525,0.019933031719778768
62,2003.0,215,0.23482658075147705,0.09563303117585377,0.420981977103556,0.10335163819527281,0.08473792318330078,0.03741387379046736,0.023054975800071983
63,2004.0,224,0.23359827657383064,0.0915328308487273,0.43124217486073435,0.10189514404781563,0.08405980103312145,0.03991968982037036,0.017752082815400083
64,2005.0,271,0.2330613620529724,0.07618567523515075,0.43608843859686247,0.10608184433835034,0.08983669310990107,0.04026331803283849,0.01848266863392462
65,2006.0,276,0.22397329759763912,0.08966206327154247,0.41937850108919517,0.10570976368497192,0.09315821662646159,0.048951175647829186,0.01916698208236036
66,2007.0,286,0.2307690722682232,0.08425244138294893,0.42687858552748204,0.1068694289254631,0.087158620352497,0.042319414665213065,0.021752436878172434
67,2008.0,275,0.22192704777637748,0.07201242252457446,0.4419846941321425,0.10755012280012288,0.08558613899192376,0.047036045834059306,0.023903527940799377
68,2009.0,307,0.24148257103547127,0.07839358087679978,0.4368421418033251,0.10347745188655476,0.07915197096052867,0.03427994036981502,0.026372343067505452
69,2010.0,295,0.24541720264760303,0.06747607313852162,0.4513923546032406,0.09536713703620375,0.0731477422228249,0.0314921161764088,0.03570737417519708
70,2011.0,363,0.23308115832447587,0.07581059149799795,0.4544375343600094,0.09576974884164349,0.0709800735331975,0.03148288867252494,0.03843800477015062
71,2012.0,320,0.23037852953417143,0.06833482895584685,0.4511525006808486,0.09774789071990134,0.07014275514224837,0.03970946892541682,0.04253402604156638
72,2013.0,343,0.23300771020725458,0.06896917120369397,0.4500008627105334,0.10488526495082644,0.06981743859674437,0.03213456510277202,0.041184987228175374
73,2014.0,327,0.23149640595946505,0.06110016364915592,0.44895812919961664,0.10550094617637507,0.07228174740320048,0.04021260835083061,0.040449999261356354
74,2015.0,354,0.22485164153919376,0.057601601754350064,0.46099865625311104,0.10723946271388768,0.06787537087949033,0.030659064644552588,0.05077420221541503
75,2016.0,321,0.2203414031950071,0.05831372412652099,0.45357503023346984,0.1047942468345012,0.07484114775687681,0.04522206340861684,0.0429123844450074
76,2017.0,355,0.21138973738781125,0.06444284887553123,0.45614781943402033,0.10748199610934439,0.06531043197880276,0.04469745340675059,0.05052971280773941
77,2018.0,328,0.2143577269182525,0.06383014620992607,0.4531976494165668,0.10394074063026623,0.06637878577723869,0.04630599437752473,0.051988956670224726
78,2019.0,317,0.21458421177932382,0.06231425972900531,0.46744569072408415,0.1051584074531404,0.06412669616130422,0.03604737032974829,0.05032336382339363
79,2020.0,317,0.2076462767055566,0.09150235478834357,0.45828143753227596,0.09841552383343186,0.062189027569498095,0.039593412467798,0.04237196710309571
80,2021.0,274,0.19536761611452097,0.10007610463477093,0.43442574192707034,0.12355247448491831,0.06694462485400697,0.047744122516473635,0.03188931546823877
